"V1" "V2" "class"
"1" 4.16006617556508 0.71879565596394 1
"2" 3.18610195797949 0.783601283474486 1
"3" 2.57734703938549 2.33704878654823 1
"4" 1.01813704806504 5.01227160342644 1
"5" 5.3496423899204 1.31347464522556 1
"6" 0.651895866087724 -0.407446471601923 1
"7" -0.84540884861454 5.40840770562802 1
"8" 2.61439688193075 -1.85612242772603 1
"9" 2.56533754410934 0.595742525423188 1
"10" 2.00150364859947 0.654857397827562 1
"11" 4.43747542299133 0.349384321405672 1
"12" 1.27077399506522 2.68152254356787 1
"13" 1.74674054787754 1.34970576514398 1
"14" 1.47807061445659 0.734211707631252 1
"15" 0.551423733164076 3.59333806076305 1
"16" 4.75071985357204 -0.530389099284455 1
"17" 1.80557671664771 2.24520759133681 1
"18" 2.23913010152837 0.228489814814561 1
"19" 0.860190251790108 1.17297876565629 1
"20" 4.72131550662891 1.86889016325319 1
"21" -1.09349051672713 4.72714975687826 1
"22" 2.84303035381776 1.9879901972343 1
"23" 1.55900774717046 2.72015668812072 1
"24" 3.33522055853214 1.31765201058908 1
"25" 4.63192818809565 0.485401633776461 1
"26" 2.56718019683228 3.28151252376575 1
"27" 2.23680507782498 1.60061229473535 1
"28" 0.774177302093446 2.81912027135422 1
"29" 2.6803310940576 2.42198616075757 1
"30" -0.347329095009887 1.26809652602667 1
"31" 1.43191563460711 2.03422104593459 1
"32" 2.96556010349385 1.4893519612366 1
"33" -1.25970977894755 4.14927714912188 1
"34" 2.63175706727425 1.71903830580595 1
"35" 2.60947347182241 0.0993611431502912 1
"36" 4.29892978913771 0.320044374940222 1
"37" 2.52740600877484 2.04158148533979 1
"38" -0.656807211984224 4.64138624076256 1
"39" 0.257499333571529 2.69834744867882 1
"40" 1.92285094253297 2.49812155962939 1
"41" 0.213464812550564 4.69706776861583 1
"42" 0.780407754552607 2.5013385825151 1
"43" 1.3457251303357 2.42361065651247 1
"44" 1.14083838997081 -0.68943050825357 1
"45" 2.98674458193948 1.39348780122359 1
"46" 3.71108988203863 0.686410303889033 1
"47" 1.16843996204767 2.09609393882227 1
"48" 1.7537217160168 2.15481263886942 1
"49" 6.31604787767936 -1.73856320911135 1
"50" 2.70157130885243 0.609362544188695 1
"51" 0.67971524516413 2.37584964281126 1
"52" -0.996684193780427 4.08919839930353 1
"53" 2.86086348742403 -0.26444862176864 1
"54" 0.192882483459426 2.44987755214524 1
"55" 0.366792530155074 2.86479058262701 1
"56" 2.47141873401145 1.48542221691829 1
"57" 5.80654167697573 1.24341687082784 1
"58" 1.21788483381883 1.45790800131068 1
"59" 5.90403288381642 -0.667310730785726 1
"60" 0.14031313723968 3.03242552590598 1
"61" 4.40230744918058 -0.395131241725591 1
"62" -0.441966363035652 3.15942809927388 1
"63" 0.522036921281063 2.91653162080057 1
"64" -2.48015453113307 3.99555386887603 1
"65" -1.07110502877432 4.95610224041317 1
"66" 2.4992566799597 0.577368669568364 1
"67" 5.21759669156554 1.31277943682339 1
"68" 0.54635146157453 3.4677765458634 1
"69" 2.38587915369624 3.18795308281841 1
"70" 3.47427618953222 1.88686331927289 1
"71" 1.66612020478844 2.06053136100275 1
"72" 2.87752406867122 2.74410350002794 1
"73" 1.86238797052912 3.74559543159323 1
"74" 5.06527510331777 -0.596498026167113 1
"75" 1.66401078255148 3.89714806248534 1
"76" 3.1233495073657 3.28522754730499 1
"77" 1.53759197424453 2.7954970056287 1
"78" -0.566952795490367 2.76826470786092 1
"79" 1.81128871428625 2.59541668336173 1
"80" -1.44253674772274 2.64057634361877 1
"81" 1.35805656834611 1.43527352934124 1
"82" 0.295599589587769 2.62074514607166 1
"83" 0.39344496904174 0.189533594045936 1
"84" 0.438715459144381 2.8188727384335 1
"85" 2.97039226295148 1.47217881622635 1
"86" -0.266814701673948 1.84448937915753 1
"87" 2.25061818816038 1.06278239095727 1
"88" 3.51157041208581 3.60426496062203 1
"89" 5.58028125727331 -0.94758175757172 1
"90" 3.01227066952552 3.48879382529737 1
"91" 2.09923552959921 2.50207882304156 1
"92" 0.827185531652601 1.9206789551732 1
"93" -0.908187499157111 3.86900591144767 1
"94" 0.0459744620354485 2.99280439399588 1
"95" 2.34139323987909 2.23991350030565 1
"96" -0.174877618870615 3.79784107464017 1
"97" 6.02337453865283 -0.2583643146515 1
"98" 3.2229078555606 0.908375669261211 1
"99" 2.01778232462422 1.7162269911775 1
"100" 3.22676155368393 1.45994755303302 1
"101" 2.7827465878946 0.296413209384383 1
"102" 1.90170780547429 1.01094907252133 1
"103" 2.08158197470156 1.49811176722465 1
"104" 3.74723454543321 1.02022576066988 1
"105" 1.51432409529308 3.98127603517494 1
"106" 0.972752899663617 1.84997859754936 1
"107" 1.5188872738992 1.22558979242949 1
"108" 3.0365858486682 3.20833570279774 1
"109" 5.23414398929033 -1.08678224446247 1
"110" 2.33242261343374 2.0833496690212 1
"111" 1.67917067310498 2.57809263978597 1
"112" 2.58198938672445 1.82601540207643 1
"113" 1.9583279889928 2.35031881788184 1
"114" 0.405072613170185 3.48391419240572 1
"115" 2.19789604934436 2.95934764576252 1
"116" 5.48327144879717 -0.560995575010654 1
"117" -0.0529914947431509 3.77053268293148 1
"118" 0.490431627888415 2.12345378328658 1
"119" -0.792126705965812 2.47012484389397 1
"120" -1.17796362017513 4.00348224637511 1
"121" 2.25756184664151 3.84997568076946 1
"122" 4.04723791893572 -0.603007458415945 1
"123" 0.443092861391735 1.15590961837608 1
"124" 4.34454150902027 0.945209788709525 1
"125" 0.110521647108771 2.98504445943419 1
"126" 2.7689121133266 1.23896582972953 1
"127" 1.08262902780717 2.42236668773077 1
"128" -0.0351042701702076 2.0041398493569 1
"129" 1.13888366261368 1.37791585759617 1
"130" 1.37664626249576 3.57676837929042 1
"131" 2.62385286181071 3.11621596847779 1
"132" 2.69527519513908 2.91731887537739 1
"133" 0.141697234917781 3.86677378747422 1
"134" 1.64818379600442 1.24682151606991 1
"135" 0.87644246476336 2.77186273229092 1
"136" 0.931771241527561 2.59527171278564 1
"137" 3.67275170146579 1.09113162206558 1
"138" 3.97601258023182 1.50572946996041 1
"139" -0.143307609763178 3.853245692446 1
"140" 3.76691969711522 2.81471753652748 1
"141" 2.3452914493403 1.38882621406423 1
"142" -0.74984027939021 2.56904158030672 1
"143" -1.46844138754855 3.64773852260226 1
"144" 1.35915789457653 2.7378579171294 1
"145" -0.0027315272315982 1.66154957136118 1
"146" -1.01147913916763 3.29330737833417 1
"147" 1.14471187102731 3.05787644479505 1
"148" 5.09820507456334 -0.329548993263225 1
"149" 2.93046011111572 0.56879922302058 1
"150" 0.431968166067513 1.05754401331644 1
"151" 3.80503974904686 0.871256519532001 1
"152" -0.798881254796954 2.81504658188582 1
"153" 3.44447365326824 1.9284413618608 1
"154" 1.36494812402917 2.49969900125182 1
"155" 4.699359324339 1.21796849248195 1
"156" 0.115586768919184 5.14597725902289 1
"157" 0.266018125659544 1.67611860805173 1
"158" 0.814191777354544 0.205130882359011 1
"159" 2.72382067087767 0.851047873562111 1
"160" 3.86805328064677 -0.00718409845993673 1
"161" 2.96075223261437 2.01781592168033 1
"162" -1.26184102732758 3.82789688815295 1
"163" 1.38530738396063 4.4398941162052 1
"164" 0.565397843307188 3.45127647313485 1
"165" 3.35988752994832 -0.143408859453176 1
"166" 0.0653934482251566 2.72885796631247 1
"167" 2.69342467173924 2.25799426653681 1
"168" 3.49869943293056 -0.291631716124002 1
"169" 2.47760048066798 3.8056694899178 1
"170" 2.10964321255789 -0.535020330126057 1
"171" 0.936910427081171 3.13711976120715 1
"172" 4.2760170256599 1.39138168245467 1
"173" 3.74643380346378 0.987783809853203 1
"174" 3.66230308898472 1.53538726576311 1
"175" 2.68476622094179 2.42846185543866 1
"176" 1.89925813873052 4.12476010337659 1
"177" 2.69015222808854 2.39827107804257 1
"178" 2.20933760996514 2.62042750383941 1
"179" 3.34362615469 2.62303138164234 1
"180" 3.23160456159719 0.57415441260371 1
"181" 4.66678747414085 -0.0976094409169797 1
"182" 1.03892293495143 1.1143128397459 1
"183" 0.69083312009254 2.3990402651759 1
"184" -0.80484778012385 3.68592360462939 1
"185" 0.96200825679377 1.97095248240544 1
"186" 2.17914902084892 1.3388360079705 1
"187" 0.224426697919262 1.7033325661421 1
"188" 0.794003427686881 2.03466163681686 1
"189" 9.1323065345752 -0.49175118711416 1
"190" 4.73507881783172 1.47478862339276 1
"191" 3.32979182576543 -0.339178614767677 1
"192" 1.65782862677854 3.13453612382264 1
"193" 4.63887903823341 2.22962708847097 1
"194" 3.50003527030248 2.52530837258277 1
"195" 3.24351728973243 1.82115135200395 1
"196" 2.0656647069591 1.99762920789509 1
"197" 1.02465465043834 3.17911690645501 1
"198" 1.33476722185829 2.23239314049961 1
"199" -1.46911395794566 3.71441878025781 1
"200" 4.10675058463496 2.47321216031852 1
"201" 2.36894722564627 2.33058398858672 1
"202" 2.9382627374513 2.26816098889842 1
"203" 0.446062493573603 2.15800160028444 1
"204" 0.22548869576528 1.00598660426015 1
"205" 1.86078045903902 1.88654685872061 1
"206" 3.04631549201781 0.225388170476092 1
"207" 3.2928253219935 -0.206191742568546 1
"208" 2.8026086453526 1.86898822730075 1
"209" 2.50537194384185 2.31988361516907 1
"210" 4.22786553704799 0.548509780963111 1
"211" 1.49830843413001 2.39285707325732 1
"212" 2.64103028915582 0.598283834071494 1
"213" -0.751575452481454 4.51085212005062 1
"214" 4.34372475288306 0.959654878245493 1
"215" 1.97648680071088 2.18424773570293 1
"216" 4.69208600328751 1.41341773644491 1
"217" 1.61325455212044 2.78591135878485 1
"218" 0.018335235883908 4.2401777050643 1
"219" 2.56734752783475 1.99271738872056 1
"220" 4.05445358566967 0.293975758426435 1
"221" 4.07243879948869 2.17726629633804 1
"222" 1.57408460888029 3.12444613133817 1
"223" 3.28031444129235 0.815534617888394 1
"224" 0.942061619910678 3.01000644163571 1
"225" -0.65674015147945 1.65342105882441 1
"226" 0.290018879534845 4.45453630898266 1
"227" 2.38310255048235 2.10061022076776 1
"228" 4.0492404657864 0.600474316754233 1
"229" 4.04002004935049 2.04263149798121 1
"230" 2.71960657820706 1.4145573473156 1
"231" -1.45770227804571 2.81543427555974 1
"232" 0.637576396833157 3.67229589801146 1
"233" -0.0782789296180493 2.79052128637613 1
"234" 0.378853949836374 2.04355847275258 1
"235" 4.80288378657441 0.902826269644666 1
"236" 1.29142067338469 1.4975078613185 1
"237" 2.81358883835959 0.297187398339241 1
"238" 1.1984595821057 2.62581544499736 1
"239" 0.448173687942294 0.588697362890307 1
"240" 2.85175560558106 2.79628788401103 1
"241" 2.0983891348685 2.39784061622988 1
"242" -2.2135123527461 3.53873763002797 1
"243" 0.0431347551414567 2.66030572701528 1
"244" -0.773979020695158 3.3564336415186 1
"245" 1.67562225793007 1.53591631402299 1
"246" 2.26686170326743 1.86701484516331 1
"247" 2.23383241032078 1.42885539547874 1
"248" 4.91671126019763 1.64251427195699 1
"249" 2.54465606741225 1.56628718108945 1
"250" 2.83293983988789 1.45951844703417 1
"251" 3.94990391832747 0.140770854208791 1
"252" 1.33458235845182 3.17389170278989 1
"253" 3.80914168589829 0.994823727275211 1
"254" 2.84643734130844 2.10682588395606 1
"255" 1.83178748882667 1.68656720345712 1
"256" 2.26849973136329 1.0633343104259 1
"257" 1.45290608629448 1.11557561010049 1
"258" 0.71192367110177 -0.334789553409818 1
"259" 3.64926056468822 -0.14936427638485 1
"260" 2.92196663873988 1.91600943085869 1
"261" 2.54636403776656 0.541152332544975 1
"262" 0.620235178124447 2.46904136065969 1
"263" -0.89540833367571 0.939603191231218 1
"264" 2.60462161335477 0.700759670391398 1
"265" 3.254774041416 0.226878767649809 1
"266" 4.56008738665232 1.91575503792242 1
"267" 2.78122270436269 0.19454678127851 1
"268" 0.929586556173282 1.64048877992866 1
"269" 5.41035375361667 0.646735306329116 1
"270" 2.14048926889842 0.910682590722799 1
"271" 5.27350003570828 0.65830672553178 1
"272" 3.13074404386798 0.500416555629713 1
"273" 5.78402815564174 0.708678587483712 1
"274" 2.30278203309419 1.83577695293888 1
"275" 1.65042546634868 -0.463186349125063 1
"276" 1.34181310459163 2.17995393485602 1
"277" 0.116434486253121 1.2205546776472 1
"278" 2.68835860083687 1.58536024590351 1
"279" 4.32558104507788 1.95848562742308 1
"280" 3.58078790767585 -0.454243546912088 1
"281" -0.727408986831233 3.04796790113886 1
"282" 2.75783398821846 3.111511079238 1
"283" 3.00790163040324 -0.261017898776901 1
"284" 3.58607728066114 -0.954821741357965 1
"285" 0.407667830229975 2.68662010276783 1
"286" 1.80360238842733 1.55999082275958 1
"287" 2.88014577231821 2.78142715624021 1
"288" -1.5043260102758 3.85134224383163 1
"289" 3.93005256194211 -0.863114039189969 1
"290" 1.71678953201666 1.53546775874148 1
"291" 2.88959082452214 2.23725036527585 1
"292" -1.56371843760377 2.42145627812093 1
"293" 1.26436623629133 1.55948588300973 1
"294" -0.468771056534721 4.90585293770446 1
"295" 1.97203592761093 -0.185884730051731 1
"296" 1.9983108068219 0.955558152912709 1
"297" 3.07469550139737 1.58733166558953 1
"298" -0.510706078759793 2.44528689724219 1
"299" 3.81227957838383 1.74160496644319 1
"300" 3.29892226326427 2.27998610586021 1
"301" 0.173359611408931 4.33904129392922 1
"302" 0.11820900285981 2.34460223504363 1
"303" 1.51617996116813 1.9087828852396 1
"304" 1.38183030675575 2.61670529714198 1
"305" -1.00711968906016 3.97241792147944 1
"306" 3.32389053956691 2.4362683425154 1
"307" 1.28209950325301 2.15580205651913 1
"308" 3.21991865164798 4.07353301195205 1
"309" 3.06613333888206 0.990645832543477 1
"310" 2.92600802926163 2.19836035889169 1
"311" 3.89041468966533 0.807488129381347 1
"312" 3.75003010860566 1.29601174204451 1
"313" 3.17736190666292 1.31457370821409 1
"314" 3.21350885405984 2.30885412371067 1
"315" 4.0289328147621 0.0486303536383106 1
"316" -0.615862956140084 2.92583408201857 1
"317" 5.15543488635717 1.24003184385245 1
"318" 4.10587945233905 -0.106979125147125 1
"319" 1.71570906138002 3.48096386774796 1
"320" 1.27582837901178 3.15609356867673 1
"321" -0.0151515496600059 2.43562615750836 1
"322" 1.57804393926372 2.162549093157 1
"323" 2.13385805717671 4.57295901339412 1
"324" -1.02904331474525 3.17474267286307 1
"325" 2.9134934395644 -0.318380483871706 1
"326" 2.07909630864348 1.52258440052054 1
"327" 1.91226515516393 3.03060335300134 1
"328" 1.41247497071595 1.79958900961298 1
"329" 1.99533819810614 3.24672845550296 1
"330" 2.34046858641072 3.76443148790676 1
"331" 3.40501244944037 1.12525668879015 1
"332" 0.183528023810234 0.948357889541067 1
"333" -0.541094026992258 4.38674948680661 1
"334" 0.924783240564789 2.6296974777129 1
"335" 1.50554949328905 2.05211654103802 1
"336" 2.19567173320027 0.508252150835467 1
"337" 1.53895196568664 0.467941588300374 1
"338" 5.02171163410534 -0.889251608662323 1
"339" 3.52597028021975 -0.546239184578476 1
"340" 1.25993672795091 2.03323233744933 1
"341" 2.15366236650053 1.46894936516056 1
"342" 0.389626056292709 3.99255690339002 1
"343" -1.02426307334078 3.11898040933785 1
"344" 2.52397454855727 0.391157580589272 1
"345" 0.285325899621002 4.6508562988595 1
"346" 0.899119541022535 2.42058253024357 1
"347" 2.26486363043961 0.293414419369313 1
"348" 3.9749356532339 1.39248287310039 1
"349" 1.61595107462318 2.06902610140405 1
"350" 2.65423335908367 1.89417016052607 1
"351" 2.35823540846553 2.24404354929909 1
"352" 1.61257665178293 1.92369653698408 1
"353" 2.91469494000015 1.40487328615116 1
"354" 1.00185538800752 2.12136534034638 1
"355" 1.40047413631973 2.67215912763843 1
"356" 1.58075482477624 2.24051029837853 1
"357" 0.199594744727738 1.53524526265323 1
"358" 0.667552240325218 2.54210838497064 1
"359" 3.05289496398439 3.60216948350594 1
"360" -1.56906758954012 3.28648691884035 1
"361" 0.972727642301696 1.80149175251854 1
"362" 0.147970766330964 2.85373251209065 1
"363" 1.48119307553593 1.93108322492526 1
"364" 0.9659220692803 3.26539375654997 1
"365" 3.33080528489025 1.13917292565074 1
"366" 0.442694167411355 1.79922426536219 1
"367" 1.30238113479869 1.23692244878952 1
"368" 4.9222383505891 1.27699051715335 1
"369" 3.24360630380682 2.32450876666292 1
"370" 5.56410130072846 0.721280399615253 1
"371" 2.76267551851539 2.79576091089351 1
"372" 2.94572579812505 3.06733766803635 1
"373" 3.0852372809469 2.88191074696704 1
"374" 0.970450143092622 1.97237001377451 1
"375" 3.71452862575617 -0.596015379743559 1
"376" 0.899104764412576 2.58394969827525 1
"377" 3.06793514142556 0.871833964362621 1
"378" 0.445999624971885 3.88866340964072 1
"379" 2.85869737922004 1.42941252737758 1
"380" 0.291805931867655 3.17486019586338 1
"381" -0.581881127479189 3.19057467375488 1
"382" 2.55816308990406 1.39280204029117 1
"383" -0.305550966924285 3.27003296655352 1
"384" 2.40956088779786 1.47987414593924 1
"385" -0.235993787908857 2.9370734877289 1
"386" 3.97229691087385 0.0727071911785335 1
"387" 5.821765840777 -1.40699057940868 1
"388" 0.693479730492282 2.55811576291549 1
"389" 0.91779374281974 2.31590415106908 1
"390" 1.30429650693473 1.8173572198303 1
"391" 5.74377860897274 1.26055349986599 1
"392" 2.25406997139391 1.8812909782894 1
"393" 3.93689864528531 0.834578415475806 1
"394" 2.22763421903889 1.38912070919539 1
"395" -0.367864343840872 3.77795495962915 1
"396" 4.7699443860452 0.372998710123641 1
"397" 1.12220755301488 1.77466443715464 1
"398" 2.70293752331873 1.64496652539186 1
"399" 1.25947115367159 1.28078723811047 1
"400" 0.910377247144125 1.64462978944932 1
"401" 3.33747128377055 0.612093226918743 1
"402" 3.60146148431721 1.21417581200667 1
"403" 3.24421833184557 1.19604093053247 1
"404" 0.735779816912095 3.63169297274753 1
"405" 3.44629672125113 -0.0693351007363074 1
"406" 1.28344580520808 0.392922273667695 1
"407" 3.78365408776316 2.59013244192423 1
"408" 1.64680523690278 2.04077260443432 1
"409" 4.3275972125347 -0.33974025829616 1
"410" 0.703792506950119 3.86488250000323 1
"411" 2.09796675777845 0.807830079829568 1
"412" -2.00029121724651 5.88528398118255 1
"413" 3.53406745077581 1.54827192827563 1
"414" -0.917714663146443 3.40930659935281 1
"415" -0.132631316913595 3.99984613583348 1
"416" -1.60269387087223 2.09253540256216 1
"417" 2.50188721605398 1.87766268611703 1
"418" 3.34304370008218 1.82032043427983 1
"419" 3.73536159489351 3.39029245028422 1
"420" 1.8533472297021 2.27556815781972 1
"421" 3.3752792569479 -0.20047578373918 1
"422" 3.81198774720644 0.312801513386679 1
"423" 4.73044559332162 1.54663383475305 1
"424" 1.25506253477109 3.5766774684226 1
"425" 2.42988793059897 3.68252559343318 1
"426" 0.798570011539111 3.93021529779466 1
"427" -0.484942868161556 3.23775582023847 1
"428" 3.40346514577477 1.42792112004083 1
"429" -0.0573109284903408 0.551905936664999 1
"430" 3.86807349344992 1.93943470302339 1
"431" 0.298382576688305 1.77047688637561 1
"432" 2.59376944692489 2.29876333189727 1
"433" 3.60425848253644 1.90336924068169 1
"434" 1.63567657116483 2.6860095889016 1
"435" 3.48003460681936 2.84353579354584 1
"436" -1.93540804659055 4.39793589587041 1
"437" 3.27186387082951 2.19783754609846 1
"438" 5.98656931675485 1.16691718315592 1
"439" 2.45195674178746 1.31450031234837 1
"440" 2.98140257198646 1.58626283806935 1
"441" 1.41596173114246 1.1640342266156 1
"442" 3.91311020110497 1.80135446282487 1
"443" 3.41631062626273 0.372098232993822 1
"444" 3.1174601664905 1.25851415348231 1
"445" 3.41835251550417 0.530824892568465 1
"446" 1.77661959037107 1.89205045101852 1
"447" 3.68807119770711 1.43170036831967 1
"448" 2.83375370140416 -0.924536365091461 1
"449" -0.189842082661858 1.43026176956074 1
"450" -0.0366590770666226 6.8796454953422 1
"451" 1.89076382254905 2.54399476906879 1
"452" 1.87943539551664 4.04314062684557 1
"453" 1.0722278602848 1.40621411032543 1
"454" 2.77356923456172 -0.13557576375081 1
"455" 2.23332354767194 1.62988390537696 1
"456" 1.37631949283657 0.681927254847446 1
"457" 0.147855466209825 3.58842086182951 1
"458" 0.612252282377582 0.814721951719943 1
"459" 2.58203768669844 2.44088545693882 1
"460" 3.46807767737951 1.67434556659619 1
"461" 2.69927569963081 1.77201978046268 1
"462" 4.33937675560166 -0.440569707302313 1
"463" 1.23868212983724 2.70990168135077 1
"464" 3.0931642686047 1.16914532427513 1
"465" 4.21907639682692 -0.80423490552295 1
"466" 3.41738760091197 1.95706662741287 1
"467" 0.753946265399394 2.42056909751371 1
"468" 3.24344349583887 1.87089952941184 1
"469" 1.92263735304592 2.03863712992672 1
"470" 1.89136065658272 1.63363545164818 1
"471" 4.35556392872995 0.112712462884836 1
"472" 2.07772747820618 2.19621152939364 1
"473" 1.82858212973122 3.18781337709269 1
"474" 0.757411285837445 3.70900390768867 1
"475" -0.983802210085813 2.73076697476372 1
"476" -0.798855378079822 2.47960292250832 1
"477" 4.97481151388679 -1.73304139089415 1
"478" 2.88674785052759 0.451658658217019 1
"479" 2.51787632380863 1.25822212425898 1
"480" -0.15536000789666 1.24779209386838 1
"481" -3.02622126815906 3.63656375619052 1
"482" 1.40886132548294 2.85103672976347 1
"483" 3.07639991899949 1.10293600006822 1
"484" 0.879153019219832 4.09310750831346 1
"485" 3.72256997592342 1.50286584295611 1
"486" 0.547874756353428 2.4610842220096 1
"487" -0.181895068460515 1.99996167078507 1
"488" 3.77392308307343 0.73988634145521 1
"489" 0.133584514053787 1.12727659344213 1
"490" 5.83394920224136 0.171671836744835 1
"491" 0.80376773235087 0.855662415662416 1
"492" 2.12770028356145 2.65630004352207 1
"493" 3.8748885655187 0.537375678869377 1
"494" 1.33271083799171 2.45776710041236 1
"495" 3.75593656926041 2.38237998030441 1
"496" 2.8313251500649 3.35108619075884 1
"497" 0.0567346602236958 5.5624771488477 1
"498" 2.38893144387668 2.04168830712169 1
"499" 4.18613215119516 -0.364356790273125 1
"500" 1.91152230213717 3.07336219442544 1
"501" 1.48943459922247 2.61973170668724 1
"502" -1.04909802794303 -2.56668182032185 2
"503" -1.19124601474493 -1.65856656742925 2
"504" -1.55534344797669 -2.25904652862468 2
"505" -1.6655496040553 -0.921549188829749 2
"506" -3.00764005419416 -1.09360394580389 2
"507" -2.50128036804076 -6.00979443496414 2
"508" 1.09716429048253 -3.17377654455585 2
"509" -0.574657481149895 -0.726962832149441 2
"510" -1.83614677242539 -0.808605533762448 2
"511" -0.850363528930786 -1.06577873316483 2
"512" 0.880706027433902 -0.975346948731577 2
"513" -2.83927311918991 -0.170702312763801 2
"514" -0.649408189810409 -3.02368201384151 2
"515" -2.03005708160069 -2.24361094696303 2
"516" -0.938343784429474 -0.525323948337347 2
"517" -0.127697792033585 -2.76180559635826 2
"518" -0.711191426318589 -1.56817043121714 2
"519" -2.20873038169692 -3.30932324318231 2
"520" -0.631556263519357 -3.8634131354945 2
"521" 0.950358002075067 -3.73459517061664 2
"522" 0.848185058079389 -2.66337107274562 2
"523" -1.1016069612988 3.11977199454986 2
"524" 0.752416869905501 -2.84245531400799 2
"525" -2.40716234882542 -0.935759070668016 2
"526" -1.15568767968441 -0.695621305781037 2
"527" -1.57286290500176 -4.839628584198 2
"528" 1.68076449083793 -2.17773153183268 2
"529" 0.443844522391178 -0.30369812949348 2
"530" -0.167075912934959 -0.838925003540941 2
"531" -0.0701606299347849 -1.62429870670261 2
"532" -0.937223613134445 -3.10031306437952 2
"533" 0.185399561692055 -3.45522928888911 2
"534" 0.136378429100745 -2.94088762055106 2
"535" -0.325380085999651 1.96172643647688 2
"536" -0.831545260705455 -0.425326509951708 2
"537" -1.34721537329622 -0.368936015035571 2
"538" -2.47496939989912 -6.01907093188923 2
"539" -0.0739840081338641 -2.87076267105341 2
"540" 1.76355543927656 -3.32838963735486 2
"541" -0.923423628882891 -3.49081980312926 2
"542" -1.10617229443531 -0.128773822437869 2
"543" 2.11161933809833 -3.59123653340413 2
"544" -1.10501008641387 -4.65070264796854 2
"545" -1.73049612146865 0.295055571939381 2
"546" -0.575800213397491 -0.686095444779821 2
"547" -1.6227201706678 -2.20480108786549 2
"548" -0.835950992749287 -2.2016722716849 2
"549" 0.12823141322406 0.974755187642473 2
"550" -2.7965631318625 -0.677128675849249 2
"551" -1.24698138463724 -1.64353543055107 2
"552" -0.618758383084829 0.433806808279406 2
"553" -3.96901797234538 -2.62820989637668 2
"554" -0.842383228268664 -0.431836600218632 2
"555" 0.227365246255085 -4.19002839699113 2
"556" -1.49269545651125 -3.44582314145844 2
"557" 2.10920786064222 -1.2110596889905 2
"558" -2.1399411583551 -3.55121742429179 2
"559" -2.81807613302072 -2.91667012869518 2
"560" 0.111220757644129 -4.66728004928916 2
"561" -2.37646489507948 -1.98888706656156 2
"562" -1.67327096356745 0.14075022289331 2
"563" -0.19655112668447 0.701444033333885 2
"564" -1.04620686067832 -2.94012742331944 2
"565" -1.79589043748707 -2.17978683402385 2
"566" -1.00302488385633 -2.58634026503318 2
"567" -0.913513838746556 -1.75843520730004 2
"568" 0.22427841136375 -2.54465776096643 2
"569" -1.1014786257933 0.806436156708715 2
"570" -3.57156712250795 -4.86276727166639 2
"571" -1.26101241638123 -5.16015806546108 2
"572" -2.34651241247814 0.270260434993152 2
"573" -0.663997454505196 -3.50248542661964 2
"574" -0.345270651965638 -3.92508363305099 2
"575" 0.252539398950092 -0.282447874643233 2
"576" -1.99273644893998 -4.27247367882489 2
"577" -0.379575295016889 -0.556437913393008 2
"578" -1.55389191896839 -4.77876600357369 2
"579" -2.44043764823351 -5.09991992381301 2
"580" 0.318677710992087 -1.00005658308158 2
"581" 0.122545528634422 -4.04091316650828 2
"582" -3.23039639554887 -4.52825643602023 2
"583" -2.8983960040941 -2.04081507971881 2
"584" -1.39648806232774 -2.20654165372889 2
"585" -0.0417403868137811 -1.52629323926818 2
"586" -1.8725280468303 -0.734399807319854 2
"587" -1.24955492722896 -3.98454601876438 2
"588" -1.5340924557469 -1.33795092957363 2
"589" -0.47905325430409 -1.40252487546681 2
"590" 0.075371351832429 -0.235587912528727 2
"591" -3.04932829174461 -2.37823116073207 2
"592" 0.944960715242994 -3.2837809281286 2
"593" 0.557188922940134 -3.61530786065182 2
"594" 1.41263979491859 -2.3072003218594 2
"595" -3.0261660323603 -5.01225857545863 2
"596" 3.09379624289782 -2.72857400413836 2
"597" -1.36265464223772 -2.94220851433374 2
"598" 0.26332218419634 -1.33581927159941 2
"599" -1.07103809825308 -4.46737381734705 2
"600" -0.310423254912402 -1.03433994015109 2
"601" 0.1271443182644 0.161744273970908 2
"602" 0.429817127608999 -2.64948740927996 2
"603" -1.20521525997945 -2.64499888715767 2
"604" -3.18428704713862 -3.31281832596536 2
"605" 0.739596360005185 -3.40055585941613 2
"606" -1.44961167194935 -3.99559730281482 2
"607" -0.839979160025107 -3.43646387104329 2
"608" -1.04996959806902 -3.47163802096368 2
"609" 1.74005321151117 -3.68066550033272 2
"610" -0.411822384275612 -0.0783951437467592 2
"611" -0.897211474503054 -0.938085607819265 2
"612" -1.9009980744914 0.763231729904823 2
"613" 1.25592539505544 -1.38023981810201 2
"614" -0.886751756335989 -4.49133977259288 2
"615" -1.83097260492893 -4.22857114916269 2
"616" -2.6380333567524 -1.44437915007091 2
"617" -1.10368225774252 0.804236422637469 2
"618" -1.1722679659251 -1.03782668504019 2
"619" -2.55890878380301 -2.62373182706877 2
"620" -3.88416596430062 0.537248982243135 2
"621" 1.4099670665021 -1.6404122014158 2
"622" 0.35010976547959 -2.13744460213683 2
"623" -2.69406676961704 0.17535963837214 2
"624" 1.86716414578874 -0.537786372745691 2
"625" 0.573068685094423 -2.80886580652873 2
"626" -1.79878111314752 0.177974684661705 2
"627" -3.51490712346915 -2.01777818061946 2
"628" -0.53665901743198 -5.77098838693602 2
"629" -2.06746841347096 -4.01006888376308 2
"630" 0.221047926088274 -5.35956865256791 2
"631" -3.20546470052186 -1.59490902645082 2
"632" -1.08761138720052 -2.80934871049026 2
"633" -1.17620560676733 -2.78943683016244 2
"634" 2.39144084554795 -0.578875022080364 2
"635" -2.06523467382958 -1.86594864772382 2
"636" -1.77396037929833 -2.78854206469329 2
"637" -0.133707372389389 -1.72537447411432 2
"638" -2.94855279887033 -2.34082898081136 2
"639" -1.80812404704917 -1.92386485626412 2
"640" 0.185236806132889 -2.99641204572771 2
"641" -0.00372348005276557 -1.21220518776062 2
"642" -1.68111081723675 -4.84883539458312 2
"643" -0.396911613489382 2.65825242277996 2
"644" -1.90722844111438 -1.93440847055629 2
"645" -1.01601543308688 -2.30767482713836 2
"646" -1.20051823746541 -4.82473952702882 2
"647" 0.622178403591491 -0.276223467498424 2
"648" 0.877873001606237 -5.47757625450514 2
"649" -1.19387899604944 -3.67535370327647 2
"650" -1.83781539787737 -3.42953631598484 2
"651" -2.54941169270769 -2.00217672121792 2
"652" -3.37231299949666 0.88816325354502 2
"653" -1.01828980355542 -3.11224946000654 2
"654" -2.59442269850373 -2.98867168674712 2
"655" -2.34202412352967 -0.782201173777427 2
"656" -0.769879504270924 -3.68284539011121 2
"657" 0.920151212496396 -1.95923483446832 2
"658" 0.671253066533829 -1.52732773553564 2
"659" -1.55657405900743 -1.32221014289972 2
"660" -1.28155721397563 1.73376011426384 2
"661" -1.34973283733417 -1.09752837152917 2
"662" -2.80536003517383 -0.225449933722784 2
"663" -0.25379514390474 -0.242395367513524 2
"664" -1.03455125662559 -2.88248632672517 2
"665" -1.02096473570082 -4.35771445668806 2
"666" -0.923011692076207 -0.396637484915807 2
"667" -0.854830554698277 -2.01353674386745 2
"668" -1.30601486767523 -2.25942071003567 2
"669" 0.644708258077665 -3.35530699802341 2
"670" -2.03734556805414 -1.71621373478855 2
"671" 1.42531787882907 -2.29390880468215 2
"672" -1.66842425254969 1.06760612302604 2
"673" -1.36560486632256 -4.55895393228465 2
"674" -0.605976100959902 0.422510269746465 2
"675" -1.08925248485702 -2.29097522957507 2
"676" -0.782302386853541 -2.15905408513815 2
"677" -0.102602231736867 -3.20981150117292 2
"678" 0.612170178371702 -1.03875282862153 2
"679" -1.29478587458224 -1.2105541105708 2
"680" -1.4041055755875 -1.32180088831609 2
"681" -0.20306936060414 -0.542475694260136 2
"682" -1.35488277424585 -2.74078436434402 2
"683" -3.10595453529959 -2.56152572244603 2
"684" -0.0262013343176093 -2.42036149570152 2
"685" -2.15082010222915 -3.44972389388529 2
"686" -0.956651929501794 -2.57195145929043 2
"687" -1.09102921886269 -2.91899513978694 2
"688" -1.15721090607621 -1.87583895672594 2
"689" -3.90025834406842 -1.49295117682922 2
"690" 0.673748722815021 -2.44276511895274 2
"691" -0.874187877530163 -3.94313931462143 2
"692" -1.8793274184294 -1.07629121637974 2
"693" 0.140085971884055 -3.89576393327238 2
"694" 0.656471960258863 -3.45509004315009 2
"695" -1.35202250840011 -4.93105344939486 2
"696" -0.665079257601165 -4.00231992950237 2
"697" -1.3964390791469 -1.81371237028899 2
"698" -1.78180033889569 -0.109103276148024 2
"699" 1.53233049989993 -0.515386974480787 2
"700" -1.13398926979605 -0.886626079840863 2
"701" -2.60965776535025 -1.45998889706142 2
"702" 1.45498316855564 -2.70485743485013 2
"703" -1.69892060528023 -5.7432789281846 2
"704" -2.53338797802171 -4.35030833673688 2
"705" -1.28313373268049 -0.52142137724043 2
"706" -1.74868527323851 -2.2855162234684 2
"707" -0.413727275542355 0.515766174803467 2
"708" -2.19994314528308 0.474968922126581 2
"709" -1.45866175350172 0.884100825240389 2
"710" 0.442941457610429 -1.69855559620389 2
"711" 0.877398551249777 -4.00309292174914 2
"712" 0.256542028426393 -3.10598487044745 2
"713" -2.55676967103888 -2.03659592147357 2
"714" -2.19516909500125 -0.123528643803408 2
"715" -3.28105841166361 -2.22703097995795 2
"716" -1.56862077341192 -1.66717041466868 2
"717" 0.00303628287116364 -2.19018891888231 2
"718" -1.27754521378571 -1.70660830134348 2
"719" -3.11570733891018 -2.03838558135331 2
"720" 0.0524769810402237 -2.97512336572265 2
"721" -1.55098275267406 -1.50133848545864 2
"722" 0.502312551796047 -2.23211151929603 2
"723" -2.36800692899791 -4.25582301441998 2
"724" -0.689505853343398 -3.79659680614299 2
"725" -2.14166726748228 -1.63753016602519 2
"726" -0.872640403213888 -4.92880742160987 2
"727" -1.0171675899962 -1.56822928656041 2
"728" -0.976474016207601 -2.50448360159318 2
"729" -3.04198974739458 -1.39425932017344 2
"730" 0.210799346179149 -2.46354170765256 2
"731" -1.39520030324925 -5.77818079267813 2
"732" 0.0756338481940495 -2.35033289709723 2
"733" -1.52086205217037 -3.62968578735566 2
"734" -1.11282161461519 -3.32330530679177 2
"735" 1.59995612909607 -3.08845685136253 2
"736" -2.66259355391972 -4.07067829947669 2
"737" -0.836640193979763 -5.3584507729627 2
"738" -0.926542966293803 -4.56160513356537 2
"739" 0.088926551577827 -2.70139015694115 2
"740" 0.0466171390904431 -3.16367676939739 2
"741" -1.5048117256874 -0.332655373878528 2
"742" 0.0911848218588742 -3.35326901867275 2
"743" -0.319138401775469 -2.1874368442363 2
"744" 0.954282991817188 -3.07384841591261 2
"745" -0.591506401184006 0.238088010849113 2
"746" -1.41538200332901 -3.35077876852042 2
"747" -0.855819489816233 -2.08324692871964 2
"748" 0.730033117764837 -2.79929003195624 2
"749" -0.606577093548709 -1.98582154072862 2
"750" -2.42451958924083 -2.70673931543677 2
"751" -1.73175871665339 -1.6097058736429 2
"752" -2.48057604224823 -5.04332035534184 2
"753" -0.815246114593383 -3.66596657537919 2
"754" 0.580225379238963 -0.0520008715467539 2
"755" -0.438931398250065 -1.37402848589485 2
"756" -2.0479357963871 -2.71472804263694 2
"757" -0.805171350408438 -2.65149013911399 2
"758" -1.37189963435183 -1.84331918660721 2
"759" -0.83859354111807 -1.00101159845796 2
"760" -0.688794062128495 -3.59483301584157 2
"761" -0.963371225969191 -3.72035380515569 2
"762" -2.30355247983099 -3.09302592906131 2
"763" -0.584599517977655 -1.06644100134878 2
"764" -3.26979262622155 -2.40577702236302 2
"765" -2.22309473843996 -1.930521769123 2
"766" -1.28811927261611 -1.33537285639164 2
"767" 1.1600542353957 -4.13622685933131 2
"768" -1.22095134238806 0.0719700165014254 2
"769" -1.77863434909578 -1.43664495582556 2
"770" 0.933594622912733 -3.63497081678948 2
"771" -2.34567594883706 0.214017792998276 2
"772" -1.31667673891007 -1.08419446168444 2
"773" 0.102942727198486 -5.50368428018679 2
"774" 0.795930266917266 -1.29316423314899 2
"775" -1.2166341852802 -3.17528219245251 2
"776" -1.28663716541425 -1.39191947389343 2
"777" 0.690910017469058 -2.71709559214889 2
"778" -1.54157399755196 0.0287957431193728 2
"779" -1.57295951050999 1.63944890199491 2
"780" 0.794479309248555 1.07856340626443 2
"781" -2.44096529002401 -4.54807605183118 2
"782" -3.36372815720219 -0.698280965007243 2
"783" 0.0630226295602236 -1.55396068805608 2
"784" -0.747939421451168 -0.276289009234598 2
"785" -0.363671518929805 -0.672426848683378 2
"786" 2.02805971978397 -5.14198538680615 2
"787" 0.182423218403139 -6.11307372764632 2
"788" -1.90785060258033 -0.819389127405666 2
"789" -1.94564403991486 -0.663446765224092 2
"790" -2.70291853488254 -0.810981902818343 2
"791" 1.38959538774482 -1.17827554754115 2
"792" -0.299470171914469 -1.5803821029806 2
"793" -2.62428792153277 -4.69338077698367 2
"794" -1.37790161866662 -2.53407759272898 2
"795" -1.9243382642336 -1.61695235750393 2
"796" 0.509698589302893 -0.877404409229506 2
"797" -2.09280565375554 -3.4183269575977 2
"798" -0.398350834304628 -1.41174063000194 2
"799" 0.324153738452551 -4.46327189954935 2
"800" -1.84048952271552 -0.873841141870154 2
"801" -2.73085046053275 -4.5831597126815 2
"802" -0.457970498666867 -0.985173455527542 2
"803" -1.11049596501038 -3.97637550721136 2
"804" -1.8605990423024 -1.87096592913233 2
"805" -1.15322030004731 -1.24214940244002 2
"806" -2.03621252905976 -3.18129538973702 2
"807" 1.45851412351604 -1.53447162918726 2
"808" -2.85954056844923 -2.31460246284775 2
"809" -0.39726238725972 -3.20254903099433 2
"810" -2.31250365992022 -1.01083706060748 2
"811" -1.88864765610391 -2.27488131753023 2
"812" 0.739113238899498 -1.98811963019693 2
"813" 3.01897737292308 -3.10470569377065 2
"814" -3.0632039741709 0.421532936687703 2
"815" 0.999697680336054 -1.12531295543183 2
"816" 1.19851730885685 -5.07046233735714 2
"817" 0.0865121339317507 -3.31975079774933 2
"818" -1.99038871630885 -3.53827331523799 2
"819" -3.89072837432948 -1.38517044345206 2
"820" 0.343710623605971 -2.87546301506247 2
"821" -0.849189323522762 -2.32602177479972 2
"822" -1.0890642444954 -2.9912776909595 2
"823" -2.2816206930897 -1.15135555627956 2
"824" -1.82614020498023 -1.89914283437068 2
"825" -0.398179050873683 -3.98588749498701 2
"826" 0.316121027158931 -2.11554183830349 2
"827" -2.0634743408495 1.50927439285692 2
"828" -2.26356153061102 -4.19597747910124 2
"829" 0.0580497351269738 -2.42682018485001 2
"830" 0.32776006544658 0.826635858869537 2
"831" -0.465281088855375 -4.03149786880176 2
"832" -1.03361396389495 -0.444182667660688 2
"833" -0.305407742694037 1.77860489807673 2
"834" -0.268903586354567 -1.73152140951229 2
"835" 0.211387439995904 -3.25752648768963 2
"836" -0.636173115341545 -1.0173956480087 2
"837" 0.132058084990045 -2.35277614475402 2
"838" 0.458468540236928 -1.32660500589148 2
"839" -3.09521774726058 -1.25187987431167 2
"840" -2.31216966903066 -2.43505275416692 2
"841" -0.468969417389688 -2.58684579422613 2
"842" -2.23239714412593 -4.17140692936001 2
"843" 1.5888813144357 -3.82779555453415 2
"844" 2.22373166881733 -2.43525642798829 2
"845" -1.0555596513444 -1.9875895402059 2
"846" 0.500219401223328 -3.55344977457004 2
"847" -0.270025804252992 -0.501064409665766 2
"848" -1.76219438950828 -5.58901196559187 2
"849" -1.567930685154 -3.82871439487301 2
"850" -2.46635758429691 -0.538478024917931 2
"851" -3.09390174096531 -0.818309292699724 2
"852" -1.56171592429936 -0.644659830287566 2
"853" -1.90154093112266 -2.21760917021953 2
"854" 0.384488134292531 0.381503747867058 2
"855" -1.52045784136445 -4.12029435189657 2
"856" 0.826945288496033 -0.134718952786021 2
"857" -0.683424285708039 0.977844740803205 2
"858" -2.11340610683052 -1.21272676202899 2
"859" 2.01057624361356 -2.15864417769191 2
"860" -3.86718294599225 -3.14187674901862 2
"861" 1.16345817260375 0.246442328389433 2
"862" -0.468205048560921 -5.14997163429765 2
"863" 0.989486513181214 -1.22790813343811 2
"864" -2.34303846217532 -0.0939376626933566 2
"865" -1.01481889253381 -1.90973512534188 2
"866" -2.70147814658671 -2.10120926385753 2
"867" 0.336034423180478 -2.51402990523431 2
"868" 1.75340565792217 -2.6525470892214 2
"869" -0.828395467100335 -3.15837287994206 2
"870" -0.885366306231705 -2.17811721499233 2
"871" 1.40330133876957 -0.971762470313941 2
"872" -1.6333208849465 -0.940499786536759 2
"873" -1.15880767179218 -2.08188183873114 2
"874" -0.970993625630472 -1.17667012162648 2
"875" -1.45809085300818 -3.05344509912307 2
"876" 0.745468737068235 -1.71566070845755 2
"877" -1.23246418154171 -0.186917961033163 2
"878" 0.296869234909007 -2.97386816279936 2
"879" -2.47501124464246 0.100054896882121 2
"880" 0.419792825910989 0.319625268635556 2
"881" -0.382331826638322 -2.14422222737913 2
"882" -1.10207391896824 -2.60704570525455 2
"883" 0.733405483252356 -2.14781693945132 2
"884" -1.09464067451956 -1.75220377191334 2
"885" -2.07719568966087 -1.17650743999292 2
"886" -1.74220845247216 -3.99563038509437 2
"887" -0.377509359352742 -2.07906945779218 2
"888" -1.40771569037784 0.418471956684089 2
"889" -1.84613906465737 -3.70753509697806 2
"890" -1.43638041493951 -1.30923561853689 2
"891" 1.26448286487107 0.544726246266292 2
"892" -1.18667406970132 -2.84030453407658 2
"893" -1.04382979733818 -1.23452692415835 2
"894" 0.714394607467546 -0.685529616412209 2
"895" -1.32883812201934 -0.872273251740759 2
"896" 2.37367344464603 -1.43485530387248 2
"897" 1.34313984846637 -1.53229443822412 2
"898" -0.225617238392711 -5.8467822236998 2
"899" -1.15659411786395 -2.33744015248474 2
"900" -0.870199989098362 -0.930705086949686 2
"901" 0.610863448493346 -4.58549880097789 2
"902" -0.836514948622664 -1.32761149948766 2
"903" -1.32467585817782 -1.88219218572323 2
"904" -2.75206192184695 -0.605258552633019 2
"905" -1.53863998413271 -1.06746713200053 2
"906" -0.92215389449276 -0.624554775767203 2
"907" -0.837773160542939 -2.72938067894525 2
"908" -1.28187817066158 -2.29579363211025 2
"909" -0.806893511771528 -2.1637294409233 2
"910" 1.12379834554382 -3.93614654668524 2
"911" -4.01212735548908 -1.34256820080969 2
"912" -3.2233955290203 2.13268713980236 2
"913" -1.41112009300229 -0.920647665989229 2
"914" -0.647009647712305 -0.640221540556428 2
"915" 0.300059594448555 -4.1785188992868 2
"916" -1.6544416169725 -3.05210791483978 2
"917" 1.94059611670951 -2.18378304068595 2
"918" -1.12807200248324 -2.83187927546991 2
"919" -2.04569982181512 -2.77788107254008 2
"920" -0.947875906377626 -2.77560748991854 2
"921" 1.46599880937211 -0.513578444831718 2
"922" -1.23786667163282 -2.269400154812 2
"923" -1.84136759589823 -1.96737110771763 2
"924" -0.133356848937885 -2.86339336345065 2
"925" -0.0415206718867074 -2.63303395144173 2
"926" -2.10768793677714 -1.58871294889737 2
"927" 0.461288607480501 -1.5076136487792 2
"928" -0.26424407350113 -2.14304230525732 2
"929" -1.43155652630574 -2.72741368992573 2
"930" -1.09296537053226 -1.43037266562982 2
"931" 0.107171777047253 -2.85190662883228 2
"932" 0.737366709524355 -2.43876484054381 2
"933" -0.793354136420635 -4.09169822847819 2
"934" -1.95959238018935 -2.82823150925713 2
"935" -1.09624052491814 0.337965049334032 2
"936" -0.283561265434964 -0.121968061331901 2
"937" -1.69158567484857 -3.0406982364126 2
"938" -1.63164117936773 -4.07534574604538 2
"939" -3.49798151183687 -1.42043145070787 2
"940" -1.08278233873945 -3.21332583124182 2
"941" -0.718158464042491 -2.18204827355163 2
"942" -2.25318092970693 -2.11676394222615 2
"943" -1.2550565368183 -0.0594409192115704 2
"944" -2.36860201636147 -1.47440050596079 2
"945" -0.923274519715408 -2.40479540758451 2
"946" -1.74522452395178 -2.32765833649267 2
"947" 1.18868370350654 0.583790085199968 2
"948" 0.0330410090973916 -4.00704758348783 2
"949" -0.372713477222374 -0.709573030935537 2
"950" -1.09448168351107 -2.18973900903177 2
"951" -0.305106253983367 -2.71553294912612 2
"952" -2.14970210217288 -1.27736779135086 2
"953" 1.21947851266596 -1.40012610336722 2
"954" -0.585551991406101 -3.69183259009184 2
"955" -0.890439795783706 1.58939744476702 2
"956" -1.43281603521991 -5.17819692623893 2
"957" -1.59492397991993 -0.597669114502219 2
"958" -0.148749473942694 -1.54782686393703 2
"959" 0.526093135127222 -3.02113716050121 2
"960" 2.59319550058684 -0.448463893793687 2
"961" -2.32713372515422 -5.20344021347344 2
"962" 0.616513386780817 -2.70510168045474 2
"963" -2.0403068652407 -2.80862219707292 2
"964" -0.466843364274027 -1.57545747988961 2
"965" -0.428518463636594 -1.26485597184503 2
"966" -1.11008362529864 -3.08126616096224 2
"967" -2.15145668094353 1.1726901688362 2
"968" -0.0800428581684863 -2.54761441864538 2
"969" -0.836897206409075 -4.23644208106704 2
"970" 0.538173640574188 -2.36667354969808 2
"971" -0.168086835651666 -4.6333965909795 2
"972" -2.23706295194406 -2.47425003233247 2
"973" 0.321208285051731 -1.2609045868911 2
"974" -0.877390764652013 -3.63586800060963 2
"975" -1.14621222157811 -3.98725329017562 2
"976" 0.369573971773816 -4.16525359020601 2
"977" -0.746240429365229 -1.69761135490463 2
"978" -0.0755429646307166 -2.05074583268043 2
"979" -1.86932240805127 -3.12689526534495 2
"980" -0.65064285345925 -3.6329615165419 2
"981" -3.45308566843348 -2.76682807082479 2
"982" -1.15668237626677 -4.90473017004475 2
"983" 0.113344353984461 0.393616336362847 2
"984" 0.49187927361054 -2.33890041570063 2
"985" 0.540833100522979 1.4199513428512 2
"986" 0.286321663749275 -3.90356002320874 2
"987" -1.63064224592907 0.360962367375554 2
"988" -1.05846248717437 -3.94141171305055 2
"989" 0.999329487916083 -0.130306166166837 2
"990" -1.31319066400394 -1.91711471908237 2
"991" -3.04590408122806 1.70482898126474 2
"992" 1.76316627544603 0.521512543813299 2
"993" -1.40538821268615 -1.99406544351573 2
"994" -3.50588461971765 -2.99876244752384 2
"995" -3.26139665899097 -0.957549736390617 2
"996" -1.18487552429572 -2.73929418373421 2
"997" -1.93965404692091 0.450972941758522 2
"998" -2.42365414822558 -5.0071083265022 2
"999" -0.496901727789326 -4.18234317673044 2
"1000" 1.15066652263607 -1.31263392747225 2
