"V1" "V2" "class"
"1" 1.12439370142738 1.49774893990498 1
"2" -0.87020632311741 3.69069536578089 1
"3" 2.50499994900773 3.07326868671444 1
"4" 4.94039382121417 0.553498196790083 1
"5" 1.91610474247724 2.31569117515121 1
"6" 0.34261826345355 3.58495057563539 1
"7" 1.6115930660952 2.39517531580727 1
"8" 0.60088566568995 0.987959395242356 1
"9" 1.41403280364583 2.1316404587695 1
"10" 1.07844059616357 2.44694930968581 1
"11" 2.33985985155075 0.827307118679839 1
"12" 1.24040698117321 3.56930375599379 1
"13" 4.72551963561719 1.36031634616619 1
"14" -0.106074540704905 0.0240749436188508 1
"15" 2.83254298350984 1.93826370260701 1
"16" 0.765423741415366 1.52516700684051 1
"17" 2.23579567892026 1.97611414945467 1
"18" -0.681527791749972 4.68846108140175 1
"19" 1.99803553533326 1.86429868124298 1
"20" -0.245387196860843 2.23562351955507 1
"21" 2.28813540090144 0.889396873003667 1
"22" 1.63904451756805 2.70079497630138 1
"23" 1.32100911183567 1.61670370682446 1
"24" 2.11691176285025 1.02607869507393 1
"25" 4.82977682564962 0.332524382273081 1
"26" 1.753126606366 2.46713604560434 1
"27" 2.27518864224472 1.47253737862448 1
"28" 1.47449465525073 3.60553952855065 1
"29" 2.34909668842864 1.05884376353042 1
"30" 1.42629099235874 1.38687837246356 1
"31" 2.31672013464775 -0.542835330948908 1
"32" 3.82234687177698 0.308945288842548 1
"33" 3.96675522607683 -2.07839760462365 1
"34" 0.522939122936151 3.16953708618107 1
"35" 1.15974434816462 2.46056308536328 1
"36" 3.5511356795883 1.93563888369338 1
"37" 3.26464388282311 0.0315107849623528 1
"38" 3.2569543506825 1.78573282586888 1
"39" 2.75208770613033 4.83621700538533 1
"40" 2.78127887426841 1.71119393896307 1
"41" 4.27607985865806 1.07821354084208 1
"42" 3.38983854493184 -0.122209711417672 1
"43" 5.91938479695218 0.799108205132115 1
"44" 0.958806986380468 3.53232248325583 1
"45" 3.45446218107814 1.33325833840244 1
"46" 6.40049898601427 -1.64667251106439 1
"47" 1.6703127709381 2.20769366663412 1
"48" 1.47454243371327 2.10132027102674 1
"49" 3.41235018738169 1.38992649912247 1
"50" 0.755837372570143 2.21562050156077 1
"51" -0.346430246539554 3.41617114084596 1
"52" 4.67249298772985 3.30573749234171 1
"53" 1.57887329617786 1.43440097556412 1
"54" -0.450983157771581 4.3674281545223 1
"55" 4.04062342466173 -0.0173944472810081 1
"56" 0.00830429439085467 4.10791041862348 1
"57" 4.10172899744267 2.16552537882544 1
"58" 0.985688925105288 1.15230923429561 1
"59" 3.06657489063289 0.431357992006336 1
"60" 3.06321786654093 0.979046025644458 1
"61" 2.78374927658467 -0.516068198971074 1
"62" -0.138180623818798 3.11397181485182 1
"63" 3.56408169438722 0.596288170739947 1
"64" 0.00590046145588197 5.74808488005355 1
"65" 0.50463798127798 2.73067570037247 1
"66" 0.644782835200741 2.74673825087278 1
"67" 3.81817761565423 1.17363997023375 1
"68" 4.3392514507607 -1.68929681018029 1
"69" 4.43418223734252 -0.899487798222848 1
"70" 3.35206448414263 1.15376328914896 1
"71" -0.748212387400593 3.20858030946672 1
"72" 0.77731446437092 1.46177490854984 1
"73" -1.30849079662007 0.803541315484414 1
"74" 1.51984141365683 3.36196066846865 1
"75" 5.35578629466715 -0.168525222561062 1
"76" 1.7724210676495 1.4154197882482 1
"77" 1.13889581820383 0.464746166210807 1
"78" 3.04410427379071 1.96457406009124 1
"79" 2.07285821083668 4.82088711415947 1
"80" 3.13461316564613 1.65108881308223 1
"81" 3.42480330488293 1.86546895980191 1
"82" 2.80180192653319 1.1919072737038 1
"83" 1.84920180719925 0.993354454953851 1
"84" 3.70846499084887 -0.66186214789946 1
"85" -1.21201984305043 4.43039499406875 1
"86" 1.86592663986007 0.60278488236421 1
"87" 1.70349021966494 2.83847363466803 1
"88" 2.42769906872883 0.857966669178907 1
"89" -0.500894516860947 4.03947426693347 1
"90" 1.64106633886115 1.17296559300849 1
"91" 3.80000939583695 1.11194992325468 1
"92" 3.16819612332835 1.65256537652126 1
"93" 2.61535235114951 3.80960912168401 1
"94" 2.73306704729465 1.19246396031424 1
"95" 1.41492994325376 1.66384260909839 1
"96" 2.8317134954385 0.424186160464397 1
"97" 1.69310526810159 2.28028136822745 1
"98" 1.02923744499957 2.76125779524703 1
"99" 2.46222165419333 0.961375342250552 1
"100" 1.90019895776114 2.24282542159653 1
"101" -0.317480813322003 2.51696195397948 1
"102" 1.28554143990169 3.04521910621646 1
"103" 1.97259107623551 1.02256448478348 1
"104" -0.656002018567171 3.38120697760846 1
"105" 0.0791709352488901 4.08853481599957 1
"106" 1.38655672104827 2.35617254629663 1
"107" 3.29492209477179 0.731069266881907 1
"108" 1.98756543117634 1.74970330676074 1
"109" 0.524512527148988 1.80350686185427 1
"110" -0.347390081430244 3.98288993420679 1
"111" 4.5006728946136 1.34109957111655 1
"112" 4.39321267862948 2.30061840319655 1
"113" 4.06240634501543 1.28013533557714 1
"114" 0.169470259964414 3.09561118372998 1
"115" 0.349213888324753 2.27047940942149 1
"116" 3.26248379563835 1.09461285906642 1
"117" 2.78279112059999 1.58466812610086 1
"118" -0.629003171585809 5.16122443998083 1
"119" 1.29182543593087 1.5173728654628 1
"120" 2.73585313650243 1.01165943982754 1
"121" 3.73690818401892 0.49592941542413 1
"122" 0.985432378269691 2.33131718346984 1
"123" 1.88894734158575 0.66239315664009 1
"124" 2.21146258362767 1.1903958323585 1
"125" 2.01792616669094 0.681491256769227 1
"126" 6.0556939330335 -1.22719871350062 1
"127" 0.751528447070972 2.05323172839177 1
"128" 1.3772433734549 0.766444674280386 1
"129" 1.85878958139052 1.35120303288256 1
"130" 2.16443041856373 2.61367761270318 1
"131" 3.59552175178689 1.92131629276036 1
"132" 0.48846192957426 4.19160990389985 1
"133" 4.15523158832482 0.392711200993206 1
"134" 2.08624070853062 2.77116663325103 1
"135" 1.77465842298415 2.87133696091361 1
"136" 1.20408833314805 2.98847245476665 1
"137" -0.345833014196397 1.64189779991868 1
"138" 1.71476253885571 2.62861493057874 1
"139" -0.746492036678438 5.31375623644308 1
"140" 3.51575106731691 0.718614613078745 1
"141" -1.1553291246493 3.89466930533953 1
"142" 2.43044688339677 3.67694738509023 1
"143" 1.33267110216847 0.778469162573351 1
"144" -1.44766000352036 4.35299474015382 1
"145" -0.210719399952128 4.98968701424206 1
"146" 2.3936436076447 0.977336501587446 1
"147" 4.82980985074087 1.34564654771523 1
"148" 5.18336508935192 0.229637582585686 1
"149" 5.3506553293657 -1.14587776111789 1
"150" 5.32886390910745 1.15369561711915 1
"151" 0.482615654264414 3.27521847518241 1
"152" 2.20697304273824 1.86075089907741 1
"153" 3.67175622882752 0.350692420526375 1
"154" 1.57514110132072 1.72763388177937 1
"155" -0.573686884530133 0.692231061182293 1
"156" 1.12990301678557 1.54407094001541 1
"157" 2.19407516444304 0.804491909518048 1
"158" 0.885249498051083 2.80136485604655 1
"159" -0.346762359830759 3.44784331592032 1
"160" 3.81490540634711 0.879106056693035 1
"161" -0.932974646645022 1.45476962379932 1
"162" 6.75905361368365 -0.915588828892008 1
"163" 4.24641738539831 0.513821872691516 1
"164" 0.76718398952538 1.88471586124008 1
"165" 4.5891068950712 -1.37537816751191 1
"166" 2.53513580847677 3.79811712064386 1
"167" -1.74961937540496 4.12263591725336 1
"168" 0.119838877734348 4.22665076800273 1
"169" -0.679469532284601 5.18241878984622 1
"170" 0.951017107519744 3.488492488599 1
"171" 1.21674565090826 3.2652846449252 1
"172" 0.777105349984375 2.0820205135935 1
"173" 2.42828022807541 1.80764080717746 1
"174" 2.06018452061949 3.36934215997329 1
"175" 4.25411483968147 0.928205207916563 1
"176" 1.57498135887123 2.73835431392952 1
"177" 0.941978353969576 3.42392637351804 1
"178" 7.41003781021013 -0.246017035030606 1
"179" 2.04881459479042 2.54690513216852 1
"180" 5.21307676095942 2.50080476519054 1
"181" 2.29582333650854 1.19792298761658 1
"182" 0.642818456479703 0.868678754873357 1
"183" 2.25782525609447 0.317735108496339 1
"184" 3.88281099790029 0.460733676605377 1
"185" -0.993719693458083 3.17333059652597 1
"186" 2.65102731783598 2.47715440276821 1
"187" 0.495606178873893 4.34107955554416 1
"188" 0.562092844598641 2.60975924410443 1
"189" 3.79385897465609 1.46542537604071 1
"190" 2.1956914009973 0.470398460330663 1
"191" 5.05201524504 0.384066553451321 1
"192" 3.91909580989438 0.548256530964422 1
"193" 2.2755533348529 2.04094181210921 1
"194" 2.21159706130948 2.00343557410576 1
"195" 2.45697827614277 3.34911427067255 1
"196" 3.53139309145181 1.49665156655164 1
"197" 0.256006235495432 1.28521956421463 1
"198" -0.282496949349933 3.25239408683247 1
"199" 1.94996656285292 4.43205452993331 1
"200" 4.34054912003806 0.228207290003934 1
"201" 3.6798275988375 0.894075683090286 1
"202" 0.735213062409551 2.84622948373427 1
"203" 0.989111331513954 2.67344674378183 1
"204" 2.70857773657415 1.6686884379379 1
"205" 3.09715557072534 -0.490506020202352 1
"206" -0.332125761410065 1.88063644140414 1
"207" 1.08443370867247 3.0361843008265 1
"208" 2.23235786375712 2.91008082190062 1
"209" 2.04219528719791 3.09780897443169 1
"210" 4.38700980462347 1.53559291548113 1
"211" -0.862635604348698 4.98421059740807 1
"212" 0.261065933223972 3.7465415391369 1
"213" 4.00723621848063 1.77071478425902 1
"214" 3.87217448342024 2.53318164859854 1
"215" 3.64800747072295 -0.0720651227025035 1
"216" 0.191741086420836 1.06229720074031 1
"217" 0.613512486579981 2.46125169616251 1
"218" 1.03045153268696 0.169647018887252 1
"219" 0.387692845987138 4.40045203596819 1
"220" 1.30706804290252 2.8115277546461 1
"221" 0.673518830874566 -0.113573575874205 1
"222" 0.769710874859901 2.69566055123099 1
"223" 2.65552671383991 1.02050005643993 1
"224" 3.88997387944592 0.723791815211372 1
"225" 0.0423036790033811 2.91981308898958 1
"226" 2.99572910679215 1.14776328390646 1
"227" 2.4501478004889 2.41097915018785 1
"228" 3.79332492761989 0.423943177095147 1
"229" 2.43031742224701 0.426711168971559 1
"230" 0.371219986497999 4.40341518500917 1
"231" 4.61341590505552 -0.929449516060582 1
"232" -3.03313839187213 6.46748091661109 1
"233" 2.64827725453428 1.50766707963852 1
"234" 2.96225054623968 4.67517209779474 1
"235" -0.766219345231233 3.47983855367607 1
"236" 2.21270503009267 0.776637219957278 1
"237" 2.66144743198447 3.2761182865045 1
"238" 3.83467399291799 -0.431572152254561 1
"239" 0.716063738105094 3.13839590834272 1
"240" 1.2017166368808 2.80551681065454 1
"241" -1.07139114237761 0.728545041255818 1
"242" 2.75531878244285 0.0474551253819189 1
"243" 1.39292871469195 2.06896379469599 1
"244" -0.0161962608820239 3.05697941508115 1
"245" 0.865605539490451 1.74587970680047 1
"246" 3.36706071712169 1.29284512239679 1
"247" 2.13463935916611 2.75188502339529 1
"248" 2.20776164484499 2.48391635035743 1
"249" 3.31467742778225 0.0955398137698633 1
"250" 0.136045513656173 3.16311809712579 1
"251" 6.64623922420323 1.41861022162191 1
"252" -0.347345336112425 4.19684929694582 1
"253" -0.317436305468391 3.11495504335549 1
"254" 2.49467932482592 2.74774186049549 1
"255" 0.878519326266234 3.07658496479963 1
"256" 1.31939097545886 0.126665998421709 1
"257" 1.73890776403016 3.25593739751613 1
"258" 2.88932303812364 2.04019093688516 1
"259" 0.312832227648356 2.34783254330653 1
"260" 3.23564675798064 3.49617825506926 1
"261" 4.60458789219771 2.3202827785998 1
"262" -3.2509930437137 3.85459934654851 1
"263" 1.0472997961615 3.55312092277333 1
"264" 5.83047452903186 -1.48597626359044 1
"265" 6.02148759962122 -0.890396480461253 1
"266" 2.21227874959644 0.717983455973497 1
"267" 2.66633583159492 1.55174137831865 1
"268" 2.28187440495462 3.26913018849662 1
"269" 2.50067600132908 0.66164911755813 1
"270" 2.44044731053222 0.556245266064259 1
"271" 2.66105078762946 2.59901036065615 1
"272" -0.743884450101791 3.98789154120344 1
"273" 2.69469619839535 -0.40689417442645 1
"274" 0.834797880903102 2.11704322524549 1
"275" -0.761909215796478 4.29679305053069 1
"276" 1.51557014165385 1.44651413589453 1
"277" 1.20759492979303 1.89783635663277 1
"278" -2.06400149815975 4.16598656801999 1
"279" 1.29984690536867 1.28594496121535 1
"280" 2.90024427502696 3.4641792333166 1
"281" 5.60278514580025 1.69955143643288 1
"282" 2.06409671184848 2.96523782051302 1
"283" 4.99671869887395 -0.163934684321623 1
"284" 3.61619117761637 2.49873820849505 1
"285" 0.0335726706369672 3.79061816420221 1
"286" 3.53329359954838 0.544412603242901 1
"287" -1.0393063032589 4.64595938613125 1
"288" 1.32443112949774 4.03614445080695 1
"289" 0.129201751938607 -0.0556210517613245 1
"290" 1.72030106297486 0.149459543815414 1
"291" 3.74303956054013 -0.0244106288665922 1
"292" 3.85589596278488 1.10000137888982 1
"293" 1.91347975884163 2.46370822934807 1
"294" 1.40874253392424 1.64852646795828 1
"295" 1.96859394444217 2.3801911312483 1
"296" 1.57852487769803 1.58581384742386 1
"297" 0.264061221928572 5.35485301357148 1
"298" 2.91685677550453 -0.00647799132515114 1
"299" 0.00245353113354119 3.47805455108791 1
"300" 1.55404860529008 0.808175693319702 1
"301" 2.05924340579735 2.15121015142586 1
"302" 1.6086118868954 1.96733359786601 1
"303" 3.72011913115831 0.840195279958181 1
"304" 3.62352049418014 2.03537936720292 1
"305" 2.25152578144804 2.2408658112878 1
"306" 3.24830880633336 0.987218280680978 1
"307" 2.84219024927483 0.858193462764415 1
"308" 1.06016307819223 3.40021939759703 1
"309" 2.05564549809195 1.7148267462613 1
"310" 3.7969540803274 1.41155565268326 1
"311" 4.23570561083753 0.136376283994712 1
"312" 0.80471797558599 3.19312956485898 1
"313" 1.94098424622497 1.85210386021815 1
"314" -0.721733423520089 1.73209894404449 1
"315" 3.84942017347665 2.63790087110455 1
"316" 3.60625145436712 1.81401597597423 1
"317" 1.7508189631041 2.69345882238145 1
"318" 1.39629380805335 1.38444477961854 1
"319" 0.751236564487002 2.52698572849205 1
"320" 1.63060667753812 1.60729307929619 1
"321" 3.94362128690239 1.37526794706285 1
"322" 1.42790871094034 2.24964154251485 1
"323" 2.99439959346852 1.4340183870416 1
"324" 2.74620031745913 -0.201053861094575 1
"325" 2.95553408174469 3.18604422043011 1
"326" 4.10658626176911 0.480649664104599 1
"327" 1.470827990113 1.56198593836734 1
"328" 3.11189217683144 1.50630889880151 1
"329" 3.06617623616042 0.795602362554108 1
"330" -1.13302238149145 2.51794303004051 1
"331" 5.38570690505218 0.682824562684714 1
"332" 3.6951264575422 1.68205521100222 1
"333" 5.17415210946138 1.45520027494661 1
"334" 3.14173171865478 0.327185735102449 1
"335" 2.16055478447414 3.04457882942363 1
"336" 1.20460909987689 4.04203602630353 1
"337" 0.359636956562901 1.90939670216571 1
"338" 2.01644384200333 2.32676138214164 1
"339" 0.925355278914731 3.85408632764672 1
"340" -0.409182177438182 3.4435649803997 1
"341" 1.32045114393041 3.63485568923214 1
"342" 2.10117426961433 -1.72461511344781 1
"343" 2.71783902432285 1.12977723751703 1
"344" 0.440063936832561 3.28724394551763 1
"345" -0.914408569432751 2.6900039875332 1
"346" 3.72497381674309 1.26576529260757 1
"347" 2.96603589287861 1.04025590205857 1
"348" 3.1094474739636 0.836689390234703 1
"349" 3.44679423587796 2.50890712151838 1
"350" 3.45170547592344 1.16198074253546 1
"351" 1.02466134609322 1.08777976322256 1
"352" 2.60311795435991 1.08913399184686 1
"353" 0.369173453454974 5.24457039520888 1
"354" 1.75354131276937 1.2618421012648 1
"355" 4.08344454804786 -0.571322931969384 1
"356" -2.09946472169871 3.4386625067882 1
"357" 1.02218913537087 3.82098426658471 1
"358" 3.03293177134798 1.88441686769895 1
"359" 3.46271584591547 0.0902229840257229 1
"360" 3.45420454460693 -0.864474499712275 1
"361" 0.0743369157510214 3.05329211324859 1
"362" -0.0850066993574936 2.75667096251681 1
"363" -0.101503607903672 3.55147182338288 1
"364" 3.0605971398947 3.32698016948012 1
"365" -0.0344235198580867 4.80117455462474 1
"366" 9.0191506239755 -2.85919323741429 1
"367" 4.77526973161964 0.914426326565183 1
"368" 1.93272240294085 0.0697710915776688 1
"369" -1.75096698662607 4.44783029949463 1
"370" 3.66806135272998 0.588469897943897 1
"371" 3.86812866023083 -0.25332635133131 1
"372" 5.2876422423957 0.187674250992716 1
"373" 4.60697423301478 0.333065679416161 1
"374" -1.01721143557883 4.68569423107042 1
"375" 6.24224524905585 -0.298978344734815 1
"376" 4.16943230376139 -0.458839421706295 1
"377" 2.39090262422608 -0.22995062511098 1
"378" -0.35743185846478 3.31096781449807 1
"379" 2.25520138074995 2.00530701195074 1
"380" 4.66857283682607 1.0466737720855 1
"381" 2.81303792823034 2.56605719395923 1
"382" 1.26183783324465 2.79884913014676 1
"383" 4.47502611857334 0.609227418197144 1
"384" -1.95589293661368 2.40012450354496 1
"385" 1.15788107972732 2.52289813791091 1
"386" 0.333312425901884 2.56027718653434 1
"387" -1.7979929272652 3.10559707986616 1
"388" 5.18908167028553 0.222756284552868 1
"389" 1.71636941848305 2.53510198943173 1
"390" 1.07023400302825 3.3056311421727 1
"391" 1.27820552950395 3.00811179805927 1
"392" 4.85841785707309 0.997477704130989 1
"393" 1.51316478552114 0.522279031038609 1
"394" 2.99120333145145 1.74949158663726 1
"395" 0.389562784206668 3.48929032733287 1
"396" 0.442602773429354 2.60309552317042 1
"397" -0.246371513349238 2.82867478704557 1
"398" 3.3669766268949 0.246477425432956 1
"399" 0.986340569204057 1.83475214542827 1
"400" 1.87807301111966 1.83464879929274 1
"401" 2.26562520442933 2.00994355601728 1
"402" 1.58348978928323 3.26510991182132 1
"403" 0.555190559460756 1.39516529602236 1
"404" 2.94641368733491 0.0370870797846679 1
"405" 3.95476162776131 0.484040850883629 1
"406" 1.75305799525842 2.73854650080962 1
"407" 0.286670095152842 2.3354145500061 1
"408" 2.21975572171707 0.676508515472868 1
"409" 2.81465344405786 1.2040321390055 1
"410" 1.61659762931564 1.4442710768312 1
"411" 1.31375773363849 3.59604458826936 1
"412" 0.762169248167726 2.5995362705965 1
"413" 2.010319025923 6.07258221300641 1
"414" 1.46781771553911 2.06482070029045 1
"415" 1.34473085192373 2.36732229866846 1
"416" 0.8126393522685 2.70932877898088 1
"417" 2.35395613227877 3.25157971364538 1
"418" 1.7603948612925 3.30592957476215 1
"419" -0.965277949421083 5.48594490307137 1
"420" 2.74942871849599 3.55025908790851 1
"421" 5.4350796468563 -0.385972842472367 1
"422" 1.17668299069426 2.4034673027643 1
"423" 3.2763233840313 3.01176454751496 1
"424" 2.79224043077821 1.9279044809194 1
"425" 2.6179079227038 0.194019533547953 1
"426" 2.81301105077011 1.01036947859123 1
"427" 1.42185871908561 4.3129218270543 1
"428" 1.9862227807233 1.75800440652062 1
"429" 4.42354170842352 1.19410210930462 1
"430" 2.58690860192627 0.00822214669766241 1
"431" 1.79469729523394 3.5733537757317 1
"432" 2.86006029073331 0.75516224024289 1
"433" -0.145905107038788 3.94469352747369 1
"434" 5.05365637669223 0.515634454950831 1
"435" 1.58774774736083 1.48805075832388 1
"436" -0.143652042586056 2.18813128850645 1
"437" -0.0112695825806082 2.8951279572274 1
"438" -0.452244574507436 3.39890812159711 1
"439" 1.60887966999123 1.94558263741354 1
"440" 1.03911259974992 4.34885369280095 1
"441" -0.265514847714972 3.70332193875089 1
"442" 4.22387227980569 0.585348780032143 1
"443" 4.6288470509485 0.101520568750802 1
"444" 2.9507512884681 4.23936005764104 1
"445" -2.09527087694289 5.86399360061717 1
"446" 7.70174000138076 -0.435708608495077 1
"447" 1.81045032566586 3.05265167506649 1
"448" 0.211411231455389 2.86699921406873 1
"449" 3.56107838446927 0.666464652935571 1
"450" 0.829899065910778 3.10214281212158 1
"451" 1.90565256698181 1.90073094254921 1
"452" 1.50695772988818 1.48143354155911 1
"453" -1.80613198962389 5.41916505802942 1
"454" 2.63249539097613 0.281432608862749 1
"455" -0.110403858270891 3.24629877798416 1
"456" 4.75779583209526 0.922565448306337 1
"457" 5.72255451142521 1.96050526101172 1
"458" 0.308146245800197 3.3409501485554 1
"459" 1.8224232182893 3.07208102110679 1
"460" 5.11082832723284 2.59764657578582 1
"461" 2.63614557314712 1.69313269178286 1
"462" 0.835011083763426 2.06845489334881 1
"463" 4.26264594442355 0.582049513116305 1
"464" 2.9478193975756 1.03834733826827 1
"465" 2.3320189436496 2.76008221710928 1
"466" 2.75977703687662 1.2616782174203 1
"467" 2.52601572301683 2.70980923890432 1
"468" 0.0358786100373809 2.21727394848195 1
"469" 1.34582272534375 2.46825404618714 1
"470" 7.23706821091927 -0.21872458103254 1
"471" 5.60736486882329 -0.676490635473954 1
"472" 2.29958882542464 1.77901136581252 1
"473" 2.24453318685908 -0.074131375363427 1
"474" 2.79356032838451 1.22443678532157 1
"475" 1.84768045774429 0.133559120168194 1
"476" -2.25323987722957 3.54332085530344 1
"477" -1.51643076763077 5.0017464534822 1
"478" 1.63392295720992 2.48265021256986 1
"479" 2.42235166755866 2.83365430979202 1
"480" 1.16441165192669 5.10421783495156 1
"481" 3.38806944900863 0.700017878865811 1
"482" 1.35141247216771 4.33187849496838 1
"483" 2.61024375331932 3.14679022870045 1
"484" 1.87309489719574 1.51868726542811 1
"485" 2.38559906106566 0.187610994028529 1
"486" 2.92349991360238 2.2491866754698 1
"487" -0.244274660347623 1.92089929252757 1
"488" 2.26036951387167 0.357275878722346 1
"489" 0.469701185780157 3.62768012756806 1
"490" 0.686335082670819 3.16044176498152 1
"491" 0.182844160874461 3.39733751354284 1
"492" 4.48286629806845 1.93153071507522 1
"493" -1.13493370629834 4.14002444810931 1
"494" 2.31469990487686 0.583766305166281 1
"495" -1.13015640291383 -1.25631386813432 2
"496" -1.09892668252538 -1.74518436040471 2
"497" -0.169761905728158 -2.20673786217552 2
"498" 1.34646853591273 -2.44428591695904 2
"499" -0.994297009717472 -2.77241781540071 2
"500" -0.174790294271928 -2.6579130852612 2
"501" -0.175015148653685 -1.84695877023543 2
"502" -1.47141527901449 -1.75107551489779 2
"503" 1.72460529037893 -5.00133419444311 2
"504" -3.87487682283971 0.742046254353457 2
"505" 0.46844937331836 -1.231589646659 2
"506" -0.964648489448282 -4.15737646705951 2
"507" -2.12838611434092 -3.07855869216249 2
"508" -0.915070406928205 -2.3338540417157 2
"509" -0.316748686359173 -2.5049537678189 2
"510" -0.833212747578023 -3.50399641294586 2
"511" -1.14173177778634 -1.49446218465479 2
"512" -0.13049392347164 -3.26401100914098 2
"513" -3.36876266541978 1.0206358532866 2
"514" 0.217876768861156 -2.77080194402144 2
"515" 2.07904636476187 -6.18668035091638 2
"516" -2.69110491773029 -1.02083759256907 2
"517" -2.28230698019201 -1.28058122297763 2
"518" -0.596342823559087 -1.02963793075171 2
"519" -0.498745729235386 -2.12450480876204 2
"520" 0.201119274341879 -0.53777530859176 2
"521" 1.09160773679419 -1.4383521639821 2
"522" -4.33782283424424 -0.573637754552387 2
"523" -3.11599532772721 -1.70193787863348 2
"524" -0.231838906497731 -2.72162120859675 2
"525" -0.22131385161292 -2.55583366683661 2
"526" -0.603729574804736 -1.17490785625651 2
"527" -0.131710680035727 -2.73995907435356 2
"528" -2.39558527909507 -2.74042980270491 2
"529" -0.429834118015994 -0.946034985994462 2
"530" 0.60259605356399 -5.4217550001653 2
"531" 0.253940673688788 -1.21146478488507 2
"532" -1.27617871852433 -2.22887269384795 2
"533" -2.07882357947885 -0.969778011202246 2
"534" 1.41354279495704 -3.8525154343291 2
"535" 0.0967541826361145 0.38245967911422 2
"536" -1.76107666579742 -0.148194413236771 2
"537" -0.321628327126261 -1.42134535804646 2
"538" 0.359119662835501 -2.45058547462173 2
"539" 0.109793878417529 -3.89037674932806 2
"540" 0.215783264443454 -1.38122859257139 2
"541" -1.07951517640256 -0.715524009316869 2
"542" -1.15103862779824 -2.03527511753189 2
"543" -3.1853946999254 -1.15858974141956 2
"544" 0.169875295514604 -2.44291205974597 2
"545" -1.74099467009292 -2.8276291268587 2
"546" -4.73908428976989 1.67866181103938 2
"547" 0.599279474222615 -2.40582962739146 2
"548" -0.72867897091556 -3.43579456253446 2
"549" -2.5710151733241 -3.85231461343003 2
"550" -0.0940772380283869 -1.72989717460681 2
"551" -0.620222680236499 -3.27715718101912 2
"552" -2.72159087861227 -1.55838643891267 2
"553" -2.49646143023024 -2.61763252568182 2
"554" -1.9152378576241 -2.74228783047986 2
"555" -1.75449449232536 -4.13153128843564 2
"556" -0.424803978652876 -3.04099722204311 2
"557" -2.30790730535693 -1.75996156454637 2
"558" 0.578854154204303 -1.8723863369578 2
"559" 1.30748761038434 -4.37982240688142 2
"560" -0.760860725747816 -2.61844986437854 2
"561" -1.59665986594846 -0.385650042716442 2
"562" 0.479249825377669 -2.8872879947693 2
"563" -1.07500055687288 -1.85539833770767 2
"564" -1.26104313234947 -2.99697468778518 2
"565" -3.98609824257883 1.12626346230226 2
"566" -1.21124118459982 -0.543739557701627 2
"567" -3.01723555194239 -1.89307104328522 2
"568" -2.32633572171945 -1.0952401187946 2
"569" -2.60619335244108 1.22332133414489 2
"570" -3.3536529429753 0.221598561312466 2
"571" -1.95559134412934 -1.67406868543398 2
"572" -1.45121869535596 -2.63614109066803 2
"573" 0.033367069445372 -2.81678717132186 2
"574" -2.66905714062358 0.103693176723082 2
"575" -2.6502328875526 0.207572886770809 2
"576" -0.662835691602314 -1.86766933522743 2
"577" -2.78592018461864 -2.66129415198824 2
"578" -1.23221215526907 -3.40349507314798 2
"579" -1.35429540424759 -1.00807447605917 2
"580" -1.63319968133077 -1.70123052746203 2
"581" 0.64301012051004 -4.09030149285606 2
"582" -1.50641250463002 -1.90227810503478 2
"583" -4.52947099416355 0.919449704798806 2
"584" 0.292471140530474 -3.45824947706196 2
"585" -2.24706216698553 -2.05859339131694 2
"586" 0.513897639589011 -3.30669283619239 2
"587" -2.19243937385321 -0.913624815850158 2
"588" 0.7564576866383 -4.12325794395063 2
"589" -1.35466836149484 -0.446423862991752 2
"590" -0.962472340406516 -1.58924353334737 2
"591" -0.844275769571069 -0.277987519515712 2
"592" -1.24151732809896 -1.48943998444101 2
"593" -1.50143268220182 -3.10547962426652 2
"594" -0.864973118761193 -0.418150926114672 2
"595" -1.5045471733848 -3.01694299927193 2
"596" -1.68372459159247 -2.4592074509446 2
"597" -2.23439079124389 -2.18897758046896 2
"598" -0.922536629918263 -3.22670298907989 2
"599" -1.49048750712346 -1.1338642550465 2
"600" -0.350535281737599 -1.59407377678416 2
"601" -1.94307293682024 0.124025379800125 2
"602" 0.423122306095589 -6.7320136695085 2
"603" 0.323263911716379 -1.65223028902589 2
"604" 0.56930561777446 -1.80038286915621 2
"605" -1.69498819458458 -2.14178551618388 2
"606" 0.38559530514543 -2.22566941624681 2
"607" -1.00496145432002 -2.27133438564164 2
"608" -2.63335675779291 -0.846395060126079 2
"609" -1.78809373155073 -2.52601830239483 2
"610" 0.347425474158579 -3.66505974035202 2
"611" 1.38456964307974 -4.27332907069299 2
"612" -0.723850417987127 -3.87123790562142 2
"613" -1.07457754440791 -0.952699927183885 2
"614" -1.61094179929669 -2.95730898504658 2
"615" -2.47092131665871 0.291939065151334 2
"616" -2.42363403087186 -0.151827792824892 2
"617" -1.43252009030004 -0.646624778027323 2
"618" -1.75127015151613 -1.01419281473298 2
"619" -0.203894897804479 -3.57921474624196 2
"620" -1.22726872292615 -0.0207960436184931 2
"621" -0.411022969099982 0.892295954168326 2
"622" -0.381766405254644 -1.1259508590004 2
"623" -0.683163108697018 -1.53041124098028 2
"624" -1.91521193354351 -3.61291536003771 2
"625" -1.06172006805831 -1.75962173867797 2
"626" -0.107888737248816 -2.67919037837609 2
"627" -1.10290271772604 -5.06191380438666 2
"628" -1.19601564853783 -3.07306132072854 2
"629" 0.130325549636467 -2.90318590771698 2
"630" -0.0772439662228136 -3.02694764697007 2
"631" 0.924494977126004 -0.428883785579194 2
"632" -0.211086826512521 -0.441023915047998 2
"633" 1.61428038532009 -4.6851636453535 2
"634" -1.60155370239394 -2.09818095847899 2
"635" 1.09046716014008 -3.27544778152724 2
"636" -0.998977012645261 -0.0556221703791229 2
"637" 0.346732903683963 -2.87808021408506 2
"638" -1.9647122077472 -1.99087025034228 2
"639" -2.75965175581358 0.630984544324955 2
"640" 0.0394047058865039 -2.06672085880782 2
"641" -1.35564935021193 -1.21804251200559 2
"642" 0.431721849485247 -3.44305446891561 2
"643" -2.75245712756585 -3.09280529421825 2
"644" 2.59255097487618 -4.7328290892986 2
"645" 1.23562879376443 -2.41596251226936 2
"646" -2.29774987738501 0.740315408452368 2
"647" -0.869136362143767 -1.22633826285604 2
"648" -2.72861249530191 1.46092214292148 2
"649" -2.61230429231514 -2.78468273581714 2
"650" 0.974488164197582 -3.13978204659588 2
"651" -1.335818053416 -2.11316125068106 2
"652" -1.46095553833966 -3.82368485432855 2
"653" 0.769844882639434 -3.44571108508725 2
"654" 2.34309208301325 -2.38205395984767 2
"655" 1.2934990191921 -5.59306061501689 2
"656" 0.503306875555215 -2.44839548040889 2
"657" -2.64313942199815 -1.2896041993549 2
"658" -4.67175399805352 0.770984919869047 2
"659" -1.82446676645446 -3.94290198426681 2
"660" -2.70543534928971 -3.30195206890272 2
"661" -1.2163052278318 1.12747733582543 2
"662" -0.741148886104248 -3.56777413735491 2
"663" -2.59201342191421 -0.402864972877581 2
"664" 1.74598217447046 -3.86898017431111 2
"665" -1.36764068156734 -2.73922031359081 2
"666" -2.41605989897796 -0.600130837875998 2
"667" -0.565668250880539 -3.5919213492505 2
"668" 0.935928814551341 -2.63376479795972 2
"669" -0.232985199242291 -2.64500814650444 2
"670" 0.414976284832108 -4.44421500387844 2
"671" -0.943304652461507 -2.30662473443863 2
"672" -0.848029042479489 -2.91945093949568 2
"673" 0.946719252377342 -4.3008515724603 2
"674" 0.908229077481764 -5.79782191032508 2
"675" -3.56973035361648 -1.35122482015792 2
"676" -3.06412781998461 0.285998116723122 2
"677" -0.495140004656318 -1.06630943757009 2
"678" -0.628343701498345 -1.70558689911809 2
"679" -1.07800376562985 -2.83116566242066 2
"680" -1.87544802738391 0.1648526270267 2
"681" -2.21376371013096 -3.63492652822734 2
"682" -1.5409649191805 -0.486599321279172 2
"683" -0.948312114851348 -1.87237520142865 2
"684" -0.411923768625204 -2.20218620641755 2
"685" -0.73086509042409 -4.65016057134464 2
"686" 0.391009830097977 -2.45047239646598 2
"687" -1.0782490416945 -1.06744753774688 2
"688" 0.337429333513892 -2.77313527268797 2
"689" -2.57049973741313 -2.23634534232303 2
"690" -0.829518865104606 -0.249967779307257 2
"691" -4.21622119600637 -1.09544187280497 2
"692" 0.156841030143254 -2.66436372850948 2
"693" -1.77199623435389 -0.186944117398562 2
"694" -0.0997392434080399 -1.7223484888557 2
"695" -2.56702639594068 0.867060371319359 2
"696" -0.576801264238686 -4.12266572399434 2
"697" -0.921040373493727 -3.42974000424707 2
"698" 0.394902063102722 -2.21489457684201 2
"699" -1.35998428122963 -1.90197823971407 2
"700" -3.49161464208966 -0.519247839632807 2
"701" -0.445443602013909 -2.71679771184611 2
"702" -1.83212601109607 -1.82787660874418 2
"703" 1.66306663828455 -3.04351322074618 2
"704" -1.39167984823842 -2.13913292115718 2
"705" 0.761030112986925 -4.98978814875444 2
"706" 1.3093122981316 -3.27124732451605 2
"707" -1.49399126862337 -1.64947062414502 2
"708" 0.20217636861081 -5.20189302119548 2
"709" -2.39111952790429 -2.14184782534138 2
"710" -1.73841801299083 -1.7427550299363 2
"711" -1.95315219061343 -1.15749761994261 2
"712" -0.184394542217737 -2.70571612457438 2
"713" -1.38523445418874 0.404755508223218 2
"714" -3.11811232376996 -1.09443754030081 2
"715" -3.54786498848496 -0.903333531841492 2
"716" -0.825685107809041 -2.37523450558465 2
"717" -3.47603305920974 -2.27824439984421 2
"718" -1.6789549421504 -1.33344618760597 2
"719" -2.10446771134724 -0.805604718537984 2
"720" -1.42368818058709 -2.06352692078688 2
"721" -1.75531726737056 -1.81254437085549 2
"722" -3.50567556265898 1.29346101252878 2
"723" -0.670669701576573 -0.422069169691702 2
"724" -0.266492023912247 -3.55993643954781 2
"725" -1.77598013530981 -4.19269635556727 2
"726" 1.40752942098503 -3.37231581513559 2
"727" -2.11954782878976 -1.75288881744521 2
"728" 0.431092902665413 -1.97696394065306 2
"729" -1.31110726834915 -2.06869572789786 2
"730" -2.41247956360426 -2.75491325497497 2
"731" 0.934737113206965 -3.26266909739999 2
"732" 1.18504152467891 -0.368211890959521 2
"733" -3.21468934801272 -0.863177004227533 2
"734" -1.6482665481227 -3.03611194892001 2
"735" 0.748382598047812 -2.26306161572942 2
"736" 0.0824416679638726 -3.67678923132318 2
"737" 0.856578424762531 -2.00571223605466 2
"738" -2.46949233394118 -1.76447863501799 2
"739" 0.902364694514432 -3.83246680890072 2
"740" -1.25476181502758 -1.10886924042734 2
"741" -0.192002978539676 -2.11104741489299 2
"742" 0.760826025348784 -3.45478959408001 2
"743" -0.232115317310414 -4.48521015632933 2
"744" -2.91577308115156 2.85942340004533 2
"745" -1.49284009967899 0.322674071535564 2
"746" -1.95052225245099 -0.976785065846346 2
"747" 1.06844359686436 -4.10575776825518 2
"748" 1.43113000536219 -1.12812425113892 2
"749" -1.32837390987832 -1.57555468153897 2
"750" -1.97385551217716 0.994217427037319 2
"751" -0.390847098494844 -1.95068532829582 2
"752" 0.291031515883639 -1.69032730309071 2
"753" -2.35770520621821 -1.65590075444946 2
"754" -1.95122342724531 -2.67729529453254 2
"755" -0.654641181915925 -1.74439511419792 2
"756" -0.815977137213513 -3.64295054515746 2
"757" -2.90915305449341 -0.918826575858727 2
"758" -0.0980596128077746 -2.81993263113276 2
"759" -0.0964821835257976 -3.94076576954974 2
"760" 0.447268610164357 -4.34552178606699 2
"761" -0.258473795928101 -2.21351435236139 2
"762" -2.37674694581362 -2.56932103203988 2
"763" 0.490411177132834 -2.53621362558667 2
"764" -1.06905475005121 -1.81551612884912 2
"765" -0.951780825153803 -3.83793676472468 2
"766" 0.968553094471182 -5.17885988033803 2
"767" -1.0371952072471 -3.50446894529756 2
"768" -3.06219153006861 0.55780305684182 2
"769" 0.140271548314182 -0.637459956812287 2
"770" -2.22888332232896 -0.84251755007607 2
"771" -1.60675161430348 0.0961115215558337 2
"772" 0.744693803752123 -3.46012797092202 2
"773" 0.595394678077988 -4.36307669811272 2
"774" 0.80852292295992 -4.61320362790326 2
"775" -0.436151645371306 0.0567909693670634 2
"776" 1.16973992497429 -3.4236749410916 2
"777" -1.28132992327852 -2.29374836881727 2
"778" -1.98216832893082 -1.2313402570558 2
"779" -0.449514454512261 -3.19563053348261 2
"780" 0.310865151175924 -3.38217322640332 2
"781" -2.85421485304864 -0.483348163572861 2
"782" -0.217245180934924 -1.85735294161045 2
"783" 0.127091835227371 -2.38975228396983 2
"784" -1.75008716915502 -0.707620542602423 2
"785" -0.646980709928314 -4.30332255655114 2
"786" 0.308439997725731 -3.59055748124603 2
"787" -4.01299553273077 -0.0102941333422315 2
"788" -2.71203572871934 2.64261585417487 2
"789" -0.642288520373429 -3.95883368898426 2
"790" -1.40032887829663 1.26107850200703 2
"791" -1.80074288274899 -3.76065804528867 2
"792" -0.254224788853466 -1.32874515786467 2
"793" -1.5012861138063 -3.88582296757241 2
"794" 0.369460978217646 -0.69926198887727 2
"795" -0.93777990862231 -2.09768279560389 2
"796" -1.2933407653086 -2.63594592818705 2
"797" 4.76806485129139 -7.73946489020676 2
"798" -1.91789678003693 -3.62950876485139 2
"799" 0.147474316999884 -4.24207813335092 2
"800" -3.55108072589564 -0.553937010818677 2
"801" -0.662728091935491 -3.32590000013422 2
"802" -0.373446772161847 -1.0725523317242 2
"803" -0.0878085140130416 -0.437490375736423 2
"804" -1.84400548101469 -0.836464304864901 2
"805" -0.181204638059062 -2.1046217776918 2
"806" -1.58964933569229 -1.12286797764844 2
"807" -0.12151894497955 -3.89490071522058 2
"808" -0.644196034853259 -3.80287793073499 2
"809" -0.296116480147911 -3.75444675110867 2
"810" -1.61015530459493 -0.366151957051086 2
"811" -1.33624754715994 -4.71023762296282 2
"812" -2.23983181076611 0.928498035574528 2
"813" -2.37588767850159 -0.0646012461452889 2
"814" 0.165541626693003 -3.72197548325087 2
"815" 0.424687613237531 -2.53919810245967 2
"816" 1.08528255433746 -5.12227107786339 2
"817" -1.53568897919568 -2.74740414638157 2
"818" -2.00380442367737 0.43717014141348 2
"819" 1.40215459576157 -3.10434138408411 2
"820" -2.31386087283298 0.309577728535219 2
"821" 0.236462123525848 -0.961690798215749 2
"822" -0.720196985922054 0.295878037277233 2
"823" -0.481101845752171 -3.26396341374126 2
"824" 0.339822557949016 -1.62721770989499 2
"825" -1.50368992428087 -1.79001744941984 2
"826" -4.82052512894553 -1.79198159628152 2
"827" -1.81081366382028 -2.85879139598497 2
"828" -3.27378462680564 0.352749996025403 2
"829" -2.68449362004862 -0.712279951887848 2
"830" -1.33159484019934 -3.78544988530427 2
"831" -1.18311835244725 -1.90176525125799 2
"832" -4.50831772422372 -0.821805038987233 2
"833" -3.48872663504595 -0.701967459498697 2
"834" -1.67021985341871 -0.408029683802134 2
"835" 0.217829120487741 -3.6785744623675 2
"836" -0.562862617468864 0.197549042818119 2
"837" -1.71627120673086 -2.01155424116071 2
"838" -4.50266488748512 1.29232552089217 2
"839" 0.419766279753492 -1.99566905693719 2
"840" 0.340544366310544 -1.94817231130716 2
"841" -3.11629489811349 0.982662493636905 2
"842" 0.400499290643998 -2.7423985606319 2
"843" -1.32587597439001 -0.399033636507077 2
"844" 1.01572619199666 -3.91181027918223 2
"845" -2.21096291444808 0.851162403547783 2
"846" -0.380485814144086 -0.17930931455442 2
"847" -2.91397299200756 -2.30398578113989 2
"848" -0.594726306689861 -3.90091830824875 2
"849" -2.14144357178696 -2.02277919743895 2
"850" -4.91383005401357 0.2821557429493 2
"851" -1.43071144367612 -1.45077376824369 2
"852" 1.17662568445733 -6.06261410913526 2
"853" -2.97694260103687 1.90475952599235 2
"854" 0.489311602860449 -4.24093932943165 2
"855" 0.218267134824842 -4.77409638902421 2
"856" -1.80531858134487 -4.14270006356997 2
"857" -0.84378038831026 -2.47686520644329 2
"858" -0.885279241930416 -3.31791687129552 2
"859" -2.11451694563581 -2.34305175301965 2
"860" -0.61311884043584 -1.62925758274526 2
"861" -0.76643811252275 -1.26960113936377 2
"862" -2.36052932721349 0.616372282501999 2
"863" -2.96691674502721 -2.7324401981138 2
"864" -2.36447382791422 0.70355887311457 2
"865" -1.20912645438834 -4.36242869520637 2
"866" -2.65204395420173 -1.35840041731814 2
"867" -0.503259803643861 -1.40666387369462 2
"868" -0.0929000796577104 -3.52317220598447 2
"869" -1.60358058726418 -0.775926297595996 2
"870" -0.578044279370286 -0.538602592490879 2
"871" -0.748132505604539 -2.90365180423231 2
"872" 0.737508784216958 -2.75531422747886 2
"873" 1.20631423132292 -1.28322077231976 2
"874" 0.477028798801281 -4.41630792416116 2
"875" -4.44323086115179 -0.495723987410579 2
"876" -0.443667341449058 -2.49496635664423 2
"877" -0.064355782613259 -2.44898546755499 2
"878" -1.66983258098052 -1.56161365697306 2
"879" 0.119636448678818 -1.93140580809428 2
"880" -1.20054174717717 -1.44704998387345 2
"881" 0.381213666390854 -3.27411670735778 2
"882" 0.870568447501038 -2.15165403906043 2
"883" -0.553454022294685 -3.0013918388233 2
"884" -2.37809333341305 -1.2004618449064 2
"885" 0.356701600516734 -5.72581532485203 2
"886" -1.66174376948776 -2.29473635561119 2
"887" -1.71589180672746 -1.24766215076534 2
"888" -2.15739767330594 0.149134443474683 2
"889" 1.32454742691644 -1.29640571200314 2
"890" -1.43180588750545 -3.21722450748574 2
"891" 0.891867664404931 -4.64740975534658 2
"892" -0.708172463461833 -1.01541646663027 2
"893" -0.851286323671043 -1.02663047764283 2
"894" -0.803362517670926 -2.60636320609267 2
"895" -0.140765092697372 -2.17848509280422 2
"896" -0.17910217560823 -2.79622913059025 2
"897" -0.970715782553048 1.7612287878526 2
"898" 0.180925383832921 -3.87964792545122 2
"899" -0.44014767907795 -2.71681733694948 2
"900" -0.235471945634167 -1.48256021326674 2
"901" -2.02240206954254 -1.47270889495459 2
"902" -0.821997432017551 -0.278306201847213 2
"903" -1.18142456971574 -1.53388447066295 2
"904" -2.86290292783727 -1.41066697814557 2
"905" -1.62211426622671 0.766937681347768 2
"906" -0.901139766210493 -3.40662396985936 2
"907" -0.294063144553728 -0.879398348057445 2
"908" -1.19959917135435 -2.82264405037949 2
"909" 0.0426453917151839 -3.04883622577981 2
"910" -3.44774277837278 -0.373030795801133 2
"911" 0.0510709213190523 -4.1692761829237 2
"912" -0.227604677691359 -2.97189951122416 2
"913" -0.666499048497128 -2.84615710734313 2
"914" -2.63193201384852 -1.63640076079764 2
"915" 0.0409714355541413 -3.26111203595773 2
"916" -1.32611234564073 -2.57422170102159 2
"917" 0.335322677200312 -3.01302454169438 2
"918" 2.78768425620125 -4.43588738733815 2
"919" -0.305675919277558 -2.30459085993357 2
"920" -2.03236498468168 0.166247631791182 2
"921" -1.09143607628581 -1.89721934046579 2
"922" -1.91867642210107 -3.33540515794482 2
"923" -2.20757831687479 -3.42782392518962 2
"924" -1.73942683015334 1.32385074783313 2
"925" -2.99930667437757 -1.08778344131399 2
"926" -0.14737800951682 -1.74013348958642 2
"927" -2.49368557944319 0.825244701630101 2
"928" -0.0644811444725966 -0.871776476209652 2
"929" -2.31069729281077 -1.13526499623163 2
"930" -1.84451740571138 -2.6433880465756 2
"931" -0.962725017620457 -3.13406183186159 2
"932" -1.12151781084103 -3.94054168173935 2
"933" -1.58550634662196 -0.867630598934118 2
"934" 0.772992073844781 -4.7379971218851 2
"935" -0.212647858879163 -3.64098603694061 2
"936" -1.38973524957191 -3.52706228131059 2
"937" 0.471282852348256 -4.26405609229174 2
"938" -0.202934335977861 -1.46410874379925 2
"939" -1.358856012779 -1.42013159773793 2
"940" -1.8461229372465 -4.01584532493372 2
"941" 0.949342158513586 -5.28757885897662 2
"942" -0.197655435122359 -1.17739891722188 2
"943" -1.00872785298492 -2.79979088502109 2
"944" 1.49555844849062 -4.08769837507049 2
"945" -2.27228683176247 0.134584931684426 2
"946" -1.73676932979814 -0.677351073101361 2
"947" -1.74689825450506 -1.22548063857527 2
"948" 0.272682371391807 -3.18162597971972 2
"949" -0.0611045237352503 -3.97754507423966 2
"950" -0.616832576643875 -3.9871550492833 2
"951" -3.13510198588872 1.09094638654643 2
"952" -0.0885828409686072 -1.9990422334533 2
"953" -2.26831896349863 -1.11530491556895 2
"954" 1.26842895465325 -5.2698927089297 2
"955" -1.29341100261983 0.975826918852756 2
"956" -0.39624150127845 -1.66589037882145 2
"957" -1.92028353904517 -2.67056974153461 2
"958" -1.61892512682153 0.322620605030425 2
"959" 0.200718232979745 -3.54199876717542 2
"960" -0.590781736207558 -2.86648297412545 2
"961" 1.3606759921224 -3.8025809665625 2
"962" 0.00689380245336912 -0.575504685616522 2
"963" -0.563124393573491 -3.99463363726213 2
"964" 0.0826250531960315 -2.09179861610699 2
"965" -0.365158014293698 -3.33200452487243 2
"966" 1.30065891295257 -1.7101001985873 2
"967" -0.163120777002937 -3.05170607273581 2
"968" -2.01440874829518 -1.09427206263583 2
"969" -4.72252490129213 1.12160461834995 2
"970" -1.56198574595696 -2.9419384221716 2
"971" 0.821019496200492 -4.73504351876161 2
"972" -1.84713041887917 -2.22269554171203 2
"973" -0.921216570266027 -1.51008522805644 2
"974" -0.540263370080658 -2.99708706859903 2
"975" -4.26215763160556 2.09832030763182 2
"976" -4.3422469436471 2.76966170946083 2
"977" -1.40613936805758 -3.08807582868886 2
"978" 0.652771594696413 -5.15873443614263 2
"979" 2.42016435351546 -5.48499665306327 2
"980" 0.0238962068564061 -2.09563809741483 2
"981" 0.188481603391777 -1.32163956933626 2
"982" -3.2941842091064 -0.0626540214029598 2
"983" -0.868430586526276 -2.26315854826952 2
"984" -1.91268339003962 0.0270568072640804 2
"985" 2.45350420278022 -6.65710741935935 2
"986" -0.411976312863918 -3.9838072926857 2
"987" -1.33228258506326 -1.32252422607483 2
"988" -0.757704091157696 -1.97627702584786 2
"989" -0.0848153828527628 -3.63378060574043 2
"990" -2.14734172277373 -1.7287791886122 2
"991" -2.17692968532548 -4.12076149740775 2
"992" 0.401002750531695 -0.724515903289739 2
"993" -1.72446781052525 -4.62495364517249 2
"994" -3.54651942736467 -0.00864575848087012 2
"995" -1.60142763086425 0.804819941400255 2
"996" -0.681555562858716 -0.106315339746997 2
"997" -1.00949082348805 -2.35137072360851 2
"998" -2.43402154666131 0.333939748129265 2
"999" -2.60451868806489 -2.25961905730042 2
"1000" -4.7336926899508 0.21140001217023 2
